DATASET = All time best instance set VeRoLog competition
NAME = vehicle days over tools over vehicles over distance with 1000 requests over 25 days

DAYS = 25
CAPACITY = 30
MAX_TRIP_DISTANCE = 17000
DEPOT_COORDINATE = 0

VEHICLE_COST = 2000
VEHICLE_DAY_COST = 50000000
DISTANCE_COST = 1

TOOLS = 4
1	3	90	200000
2	15	62	200000
3	3	82	200000
4	3	88	300000

COORDINATES = 950
0	7410	5448
1	9397	6149
2	8836	6150
3	8275	6163
4	8025	6165
5	8695	6166
6	3849	4137
7	9058	6191
8	7513	6197
9	8126	6205
10	7988	6210
11	3615	6225
12	6566	136
13	8982	6227
14	8007	6236
15	7638	6238
16	6264	6241
17	8390	4733
18	6371	6283
19	7323	6284
20	4030	6288
21	6814	6313
22	5985	6320
23	6788	6348
24	8496	6350
25	3985	6351
26	8000	6168
27	8478	6380
28	8344	6390
29	3548	6393
30	4315	6423
31	7720	6439
32	4437	6459
33	3920	6466
34	7635	6467
35	8567	6467
36	3614	6498
37	8683	6504
38	8117	6506
39	7572	6508
40	3775	6509
41	4600	4191
42	7546	6512
43	3777	6522
44	7024	8205
45	3754	6559
46	4262	6571
47	7994	6596
48	8080	6605
49	8343	6614
50	4402	3946
51	8574	6621
52	8495	6624
53	3667	6639
54	8587	6639
55	8318	6640
56	3725	6686
57	8668	6702
58	8771	6702
59	5746	6703
60	8579	6708
61	4534	4226
62	7366	6230
63	7989	6725
64	8393	6734
65	6488	6744
66	7552	6761
67	4180	6765
68	4199	6766
69	7013	6781
70	4114	6784
71	8546	6786
72	7687	6788
73	8704	6811
74	3446	6818
75	7558	6823
76	4218	6830
77	4032	6832
78	4245	6835
79	8307	6843
80	8243	6874
81	7749	6876
82	6246	4252
83	7715	6899
84	4198	6903
85	4226	6906
86	8451	6924
87	3365	6959
88	6777	6969
89	4064	6977
90	8214	6987
91	7550	6992
92	6907	7012
93	3916	5560
94	4277	7026
95	4797	7038
96	4570	7041
97	6554	7059
98	8967	7072
99	3982	7074
100	8764	7077
101	6173	4285
102	7747	7100
103	7706	7115
104	7184	7129
105	8750	7131
106	8851	7158
107	7292	7163
108	5029	3164
109	3511	7189
110	3882	7199
111	7101	8315
112	8016	7231
113	8998	7231
114	9023	7234
115	7594	7240
116	3345	7245
117	9124	7246
118	8108	4313
119	8764	7251
120	4300	7278
121	7480	7327
122	8455	7334
123	6600	7344
124	7613	7352
125	3845	7358
126	5094	4335
127	3509	7381
128	8268	7391
129	7643	7400
130	7456	7417
131	7767	7419
132	3841	7443
133	6494	7576
134	6952	7451
135	3928	4348
136	8096	7476
137	3871	7487
138	6362	4354
139	9628	7502
140	3832	7518
141	8782	7531
142	9331	7531
143	3680	7538
144	6533	7549
145	6766	7557
146	8247	7576
147	4513	7581
148	7763	7592
149	3920	7601
150	8478	7603
151	7548	7605
152	8349	7616
153	6569	7641
154	7400	7643
155	10000	8386
156	7286	7656
157	6417	7583
158	7570	7679
159	3542	7699
160	7206	4390
161	9507	7718
162	6290	7720
163	7043	4392
164	6804	7728
165	7583	7731
166	9558	7735
167	6659	7747
168	6378	7758
169	3538	4401
170	8364	7777
171	6763	7802
172	6782	7819
173	8287	7828
174	4048	7829
175	6202	7847
176	4142	7867
177	5448	7874
178	7453	7888
179	6222	7892
180	6757	7893
181	5359	7895
182	5790	7900
183	6480	7902
184	5370	7907
185	6783	7913
186	6875	7921
187	8763	7932
188	6647	7949
189	5472	7951
190	6482	7956
191	9462	7957
192	7142	7958
193	6271	7981
194	5995	7984
195	6902	7999
196	5885	8002
197	7005	8004
198	4297	4441
199	7202	8018
200	5427	8024
201	7261	8027
202	7114	8029
203	6213	8032
204	6480	8059
205	7590	8074
206	7634	8077
207	7480	6455
208	5683	8100
209	8627	8109
210	4690	3596
211	5861	8168
212	6427	8176
213	8097	5142
214	5736	8480
215	7444	8221
216	9379	6000
217	6472	8233
218	4170	4479
219	6326	8250
220	5538	8253
221	7715	8261
222	7753	8293
223	7501	8298
224	5361	8302
225	6430	8304
226	4923	4490
227	5818	8320
228	5565	8335
229	5346	8350
230	9351	8361
231	7633	6506
232	3673	8387
233	5861	8397
234	6310	8397
235	6636	8401
236	6555	8414
237	6372	3525
238	8734	8520
239	7054	8450
240	9658	8451
241	5406	8466
242	8328	5865
243	5985	8479
244	6483	8484
245	6018	8485
246	8238	4664
247	6696	8494
248	5786	8497
249	7581	8498
250	7856	8515
251	3684	8516
252	6729	8516
253	7092	8522
254	8440	7612
255	6272	8546
256	6137	8556
257	5790	8560
258	7780	8565
259	5776	8577
260	7663	8586
261	3519	6541
262	8211	8595
263	4575	4539
264	6264	8608
265	7506	8625
266	5651	8631
267	3933	6549
268	8407	8636
269	8655	8639
270	9270	8647
271	8218	8657
272	5331	4554
273	6205	8694
274	4586	2414
275	7048	8720
276	6866	8728
277	6897	8739
278	5776	8740
279	5501	8742
280	7237	8744
281	5683	8747
282	5992	2562
283	6211	8759
284	6814	8778
285	5415	8784
286	6846	8788
287	3836	4572
288	5738	8797
289	6497	8800
290	6552	8820
291	9051	8898
292	7531	8901
293	5568	8909
294	4584	4022
295	8907	8917
296	5847	8924
297	7373	8935
298	8017	8960
299	7628	8963
300	5973	8965
301	9782	8970
302	7268	8982
303	7751	9013
304	5726	9032
305	7994	9034
306	6666	9042
307	7766	9077
308	7360	9085
309	7746	9085
310	6446	9097
311	6008	9111
312	6560	9114
313	7170	9121
314	7508	9132
315	7414	9133
316	7751	9147
317	8168	9174
318	7455	9202
319	7311	9208
320	8384	9213
321	6310	9217
322	8633	9223
323	6336	9237
324	8041	9246
325	7574	9247
326	9298	5234
327	7471	9282
328	8064	9311
329	7344	9321
330	9006	9326
331	8289	9333
332	6943	9340
333	9096	9341
334	7195	9341
335	8037	9361
336	8326	9384
337	9059	9415
338	7498	4678
339	8585	9456
340	6162	8690
341	2564	4441
342	8418	9476
343	8476	9482
344	6741	9501
345	7951	9506
346	6778	9519
347	7264	9553
348	6322	8715
349	8167	9657
350	8793	9658
351	5118	9676
352	5151	9677
353	694	2732
354	8847	9789
355	8337	4748
356	4894	4762
357	7291	9976
358	3705	2773
359	7127	8862
360	9400	6061
361	6160	2782
362	4256	2805
363	4818	4814
364	4061	4816
365	4162	6821
366	3257	2842
367	8388	7276
368	6577	8874
369	3933	6903
370	2788	4905
371	8746	4905
372	6952	6913
373	3076	5287
374	7810	8924
375	3894	2915
376	8457	4892
377	7935	6950
378	5867	2953
379	7575	4972
380	3828	4976
381	5299	4978
382	7724	6506
383	7860	5017
384	8019	5308
385	8929	6109
386	8997	7028
387	7004	5036
388	5293	3037
389	3969	5058
390	5536	5064
391	4655	3083
392	4252	7094
393	9064	5098
394	5897	3112
395	6355	73
396	6504	3121
397	6405	119
398	9262	5846
399	3165	5133
400	9122	5132
401	7327	5139
402	6262	220
403	4658	5147
404	8740	5152
405	3622	7163
406	6668	306
407	4831	3157
408	8643	7175
409	6769	3183
410	6533	7197
411	6391	521
412	7657	6145
413	7300	5199
414	7777	9207
415	6931	6546
416	8296	5221
417	6680	738
418	8271	6151
419	4144	7248
420	4591	5248
421	4108	3245
422	7410	5265
423	8778	7271
424	8848	9281
425	5356	3272
426	6443	9283
427	6273	1018
428	7307	7290
429	8120	9298
430	7021	7298
431	4619	6966
432	7551	8967
433	8636	5365
434	8525	9327
435	6846	3496
436	9266	9352
437	3679	5352
438	6461	3350
439	8510	9381
440	7059	5376
441	8730	5379
442	6203	1627
443	6482	1639
444	6399	1647
445	6578	1665
446	4247	5390
447	8124	6183
448	7638	5783
449	3140	4984
450	3023	5412
451	6841	1813
452	6529	1813
453	8114	5418
454	6343	3416
455	7149	1876
456	4951	1899
457	7110	1902
458	7669	9433
459	5299	2188
460	6550	1915
461	8535	5429
462	6458	2050
463	1909	2058
464	5497	2058
465	6097	2095
466	83	2099
467	5489	2130
468	5861	2130
469	6896	2137
470	6286	2152
471	5781	2160
472	6517	2171
473	5907	2207
474	6138	2209
475	6237	2230
476	6426	2248
477	4842	2284
478	1573	2309
479	7296	7005
480	6310	2325
481	6579	2335
482	7368	7502
483	5057	2344
484	5014	2370
485	6094	2372
486	4675	2384
487	6813	5510
488	6445	2420
489	7012	2437
490	2022	2469
491	3903	2503
492	6277	2503
493	4109	2504
494	5950	2538
495	3932	2542
496	6884	2550
497	6003	2570
498	3917	2575
499	5151	2579
500	2474	2581
501	4826	2588
502	6641	2604
503	2660	2607
504	4674	2608
505	904	2619
506	5810	2620
507	8064	5545
508	4600	2627
509	6291	2645
510	7271	2668
511	3459	2671
512	3271	2680
513	4008	2681
514	2657	2691
515	3373	2704
516	2608	2705
517	6225	2721
518	5155	2728
519	4552	2736
520	2841	2740
521	3932	2752
522	8879	5569
523	740	2768
524	4629	2774
525	3902	2779
526	3919	2781
527	4137	2790
528	2421	2799
529	5235	2803
530	4216	2807
531	4920	2812
532	4816	2814
533	4073	2832
534	4864	2840
535	3324	4164
536	5402	2862
537	5420	2863
538	4000	2869
539	6741	2870
540	709	2873
541	1930	2884
542	4829	2888
543	3962	2900
544	6186	2901
545	2335	2903
546	2579	2905
547	3546	2907
548	4832	2910
549	5856	2911
550	4005	2911
551	6388	2930
552	6010	2939
553	4439	5600
554	3401	4224
555	5891	2966
556	6503	2983
557	3004	2999
558	5544	2999
559	6004	3005
560	5355	3025
561	5475	3031
562	6327	3031
563	6611	3055
564	5522	3067
565	4876	3068
566	5553	3074
567	5911	3075
568	5940	3079
569	2200	3082
570	4892	3082
571	6659	3107
572	8196	5629
573	4933	3128
574	7837	5631
575	4194	3137
576	5385	3138
577	3238	3158
578	5312	3159
579	3331	3160
580	4578	3170
581	6649	3178
582	7137	3221
583	6673	3226
584	9627	8636
585	6511	3239
586	6164	3243
587	6031	3249
588	3976	3256
589	7130	3263
590	5626	3264
591	2846	3271
592	6285	3286
593	2898	3293
594	3699	3308
595	4811	3311
596	3761	3332
597	1369	3341
598	6506	3348
599	4232	3371
600	5346	3377
601	5647	3388
602	6537	3394
603	5639	3401
604	2110	3416
605	5576	3432
606	4051	3443
607	5926	3456
608	6444	3467
609	6994	5687
610	7150	7692
611	5467	3489
612	5259	3689
613	1855	3527
614	4351	3532
615	8307	7706
616	2246	3567
617	3196	3575
618	4308	3617
619	6271	7716
620	4304	3621
621	5866	3632
622	5118	3663
623	5374	3677
624	4779	3686
625	4873	3693
626	4731	3706
627	5850	3711
628	4986	3722
629	4007	5730
630	2363	3735
631	6251	3742
632	6079	3748
633	2458	3796
634	6436	3815
635	4449	3832
636	2641	3833
637	5617	3850
638	5432	3887
639	3942	3924
640	6116	3933
641	2661	3947
642	2203	3967
643	2371	3968
644	4816	3980
645	4343	3987
646	3976	3992
647	3817	3996
648	2322	4020
649	4312	4024
650	7870	4038
651	3448	4039
652	4248	4055
653	7879	4060
654	3970	4064
655	4020	4075
656	5954	4083
657	5908	4105
658	3679	4106
659	8244	4121
660	7987	4125
661	4196	4128
662	6330	4144
663	4076	4147
664	4842	4664
665	4012	4163
666	6820	4167
667	5777	8268
668	4474	4197
669	6808	4200
670	4864	4216
671	5112	4231
672	8566	4238
673	8764	4254
674	3909	4263
675	3852	4274
676	8350	4277
677	8663	4279
678	2383	4282
679	4790	4288
680	5916	7829
681	4216	4301
682	8164	4302
683	6051	4305
684	4712	4313
685	6136	4325
686	5363	4342
687	3467	4346
688	4039	4348
689	8088	4371
690	6024	4375
691	2573	4376
692	8598	4389
693	6351	4391
694	6324	4402
695	7011	4418
696	3837	4423
697	2578	4428
698	4373	4429
699	8978	4438
700	7162	4446
701	8317	4450
702	7905	4452
703	4030	4463
704	7944	4472
705	3054	4495
706	5753	4498
707	8209	4502
708	8517	4506
709	4757	4515
710	2755	4517
711	5293	4525
712	8504	4531
713	4755	4533
714	8844	4539
715	7830	4543
716	3342	4545
717	7991	4552
718	4882	4556
719	3336	4557
720	8214	4557
721	4985	4564
722	7897	4568
723	3863	4577
724	8124	4578
725	7125	4580
726	4172	4586
727	7565	4605
728	5045	4622
729	4931	4622
730	8427	4622
731	3951	4640
732	8295	4645
733	8822	4652
734	4046	4655
735	7780	4658
736	8540	4671
737	3777	4677
738	8419	4683
739	8528	4701
740	9890	7897
741	6102	7900
742	4065	4725
743	5462	4734
744	3710	4737
745	8067	4742
746	3849	4752
747	7999	4757
748	8310	4759
749	4697	4762
750	7426	4763
751	4242	4764
752	8687	4770
753	7346	4772
754	8586	4779
755	5508	4783
756	8351	4790
757	5674	4792
758	4309	4799
759	7557	4805
760	4000	4807
761	8396	4813
762	8241	4817
763	8049	4818
764	8412	4822
765	3990	4825
766	7820	4826
767	3790	4833
768	5333	4836
769	7429	4847
770	3624	4858
771	7128	4877
772	8778	4881
773	8601	4887
774	5563	4892
775	8308	4894
776	8639	4897
777	8326	4910
778	7981	4920
779	5441	4924
780	4191	4927
781	7209	4936
782	8758	4936
783	5363	4948
784	8663	4949
785	8762	4951
786	3770	4966
787	8414	4968
788	2891	4976
789	3646	4982
790	8014	4985
791	7641	4991
792	8835	4997
793	3036	4999
794	3005	5004
795	8984	5008
796	4644	5014
797	3464	5015
798	8484	5019
799	5878	5044
800	5336	7955
801	9014	5058
802	4066	5059
803	3862	5065
804	8331	5067
805	8600	5073
806	9026	5087
807	7009	5094
808	4114	5099
809	9100	5109
810	3517	5121
811	5610	5963
812	5481	5133
813	5777	5139
814	5148	5147
815	6829	9501
816	4474	5161
817	8138	5165
818	2758	5175
819	3458	5176
820	7750	5186
821	8654	5194
822	8967	5194
823	8683	5205
824	8872	5212
825	4609	5220
826	5020	5221
827	4050	5223
828	8697	5228
829	7363	5254
830	7382	5262
831	8361	5264
832	8564	5268
833	9070	5285
834	7007	5293
835	8968	5297
836	8612	5301
837	8102	5325
838	6555	8000
839	8605	5330
840	3492	5347
841	5519	5365
842	3447	5370
843	3074	5372
844	7891	5378
845	8319	5381
846	8862	6008
847	7515	8012
848	7807	5402
849	8606	5413
850	4965	4009
851	7022	5424
852	7638	5445
853	9184	5456
854	8168	5464
855	4589	5466
856	8174	5466
857	4950	5476
858	7091	5492
859	7888	5496
860	7816	5497
861	2175	4022
862	7039	5499
863	8165	5510
864	4962	5515
865	7700	5522
866	7826	5530
867	8304	5536
868	4293	5538
869	6924	5538
870	8044	5553
871	6744	5560
872	8710	5575
873	4247	5578
874	7774	5580
875	4104	5581
876	3942	5596
877	7807	5596
878	8031	5598
879	6993	5614
880	7149	5627
881	7537	5629
882	7630	5638
883	9185	5659
884	7045	5666
885	9055	5667
886	8469	5673
887	4681	4052
888	8467	5690
889	8110	5695
890	7674	5716
891	9459	5718
892	7384	5730
893	7178	5736
894	7898	5740
895	8105	5742
896	7110	5755
897	8468	5766
898	4519	5783
899	7768	5785
900	7667	5788
901	7441	5789
902	6778	5792
903	9436	5806
904	9267	5807
905	8125	5830
906	8853	5850
907	7423	5852
908	8674	5858
909	9079	5862
910	8732	5865
911	9166	5866
912	9077	5876
913	8269	5880
914	6950	5888
915	9343	5905
916	7597	5906
917	9158	5910
918	8316	5910
919	8366	5913
920	9672	5943
921	9008	5945
922	8902	5946
923	7109	5952
924	9066	5965
925	7497	8108
926	5707	5975
927	8973	5982
928	5804	5994
929	8796	5996
930	9222	5996
931	9608	5997
932	7070	6001
933	8289	6012
934	9266	6021
935	8314	6037
936	4175	6044
937	8907	6056
938	9375	6057
939	8373	6062
940	9559	6070
941	6002	6094
942	8630	6094
943	9454	6105
944	7949	6106
945	8936	6110
946	9075	6116
947	7349	6129
948	4270	6121
949	8073	6130

REQUESTS = 1000
1	516	11	13	2	3	1
2	133	15	17	1	2	2
3	903	3	4	2	4	1
4	876	15	18	3	3	1
5	882	2	3	2	4	1
6	194	7	9	3	1	2
7	789	20	21	2	2	1
8	110	13	16	3	4	2
9	306	17	20	2	3	3
10	866	9	12	2	2	1
11	6	14	15	3	2	1
12	812	13	15	1	2	1
13	931	21	22	3	4	3
14	321	20	21	2	1	1
15	504	19	21	2	1	1
16	221	7	10	2	4	2
17	176	16	17	3	1	2
18	183	18	19	2	1	1
19	761	14	17	1	4	2
20	896	3	5	3	4	1
21	712	3	5	3	2	2
22	293	13	14	1	3	1
23	893	19	20	3	2	2
24	604	16	17	2	2	1
25	576	16	19	1	3	1
26	137	1	2	2	2	1
27	805	15	16	1	1	1
28	194	16	18	2	3	2
29	207	20	22	3	3	2
30	904	21	24	1	3	2
31	759	7	9	3	2	2
32	385	17	18	3	2	2
33	213	14	17	1	1	2
34	507	6	8	1	2	1
35	598	15	16	1	4	1
36	258	20	22	2	1	1
37	860	4	6	2	2	2
38	719	18	19	1	4	1
39	515	2	4	2	4	2
40	244	12	14	2	3	2
41	331	6	8	3	3	3
42	272	13	15	1	4	1
43	191	21	22	2	4	1
44	332	11	14	3	3	3
45	264	18	20	3	1	3
46	27	22	24	1	1	3
47	337	6	8	3	2	2
48	241	13	16	2	1	3
49	686	5	7	2	1	2
50	426	16	17	2	1	2
51	541	8	10	1	1	2
52	462	10	12	2	4	1
53	669	3	6	3	1	3
54	692	21	24	1	2	2
55	381	18	19	3	1	1
56	531	2	4	3	3	1
57	330	2	5	2	2	1
58	51	4	7	3	3	2
59	765	22	23	2	3	2
60	39	8	11	1	1	2
61	284	7	9	3	1	2
62	755	8	9	2	2	2
63	817	7	9	2	4	1
64	779	10	13	2	2	1
65	495	15	17	1	1	1
66	398	16	19	3	4	3
67	719	5	8	2	4	3
68	916	7	9	1	4	1
69	216	11	13	2	4	1
70	38	6	9	2	1	1
71	336	15	16	1	2	2
72	30	21	24	1	3	3
73	630	20	21	2	1	3
74	247	4	5	2	4	1
75	826	18	21	3	3	3
76	178	20	21	1	2	1
77	361	4	7	3	2	1
78	160	20	21	3	1	2
79	740	18	20	3	4	1
80	757	4	7	2	3	2
81	94	4	6	2	2	1
82	626	15	16	1	1	2
83	569	10	12	1	3	1
84	791	10	11	2	4	2
85	400	15	16	2	3	1
86	373	18	19	3	3	2
87	939	11	14	1	1	3
88	7	13	14	1	4	1
89	870	12	15	2	3	2
90	220	6	8	3	4	3
91	185	11	12	3	4	3
92	621	5	8	3	3	3
93	199	11	14	1	1	2
94	910	7	10	1	1	2
95	14	2	3	1	3	1
96	1	13	15	1	1	2
97	869	17	20	2	4	1
98	98	15	16	1	2	2
99	288	22	24	1	4	2
100	512	22	24	1	3	2
101	853	3	4	2	2	1
102	33	20	21	1	2	1
103	136	17	20	1	1	3
104	838	17	18	1	4	2
105	918	6	8	2	2	1
106	472	10	11	2	4	1
107	156	1	2	1	2	1
108	628	7	8	1	3	2
109	524	9	10	3	4	2
110	21	8	10	1	1	3
111	268	8	11	3	4	1
112	511	2	5	2	3	2
113	867	6	8	3	2	2
114	26	15	17	1	1	3
115	705	3	6	2	4	2
116	267	19	20	2	4	1
117	276	6	9	3	2	1
118	697	2	3	3	1	3
119	278	22	23	2	4	2
120	486	14	15	3	2	2
121	537	3	6	1	4	1
122	369	7	8	3	2	1
123	781	23	24	1	1	1
124	578	14	16	2	1	2
125	295	5	8	2	3	1
126	937	18	19	2	3	1
127	502	16	17	2	1	3
128	540	10	12	2	4	1
129	368	8	11	2	2	2
130	756	11	12	3	3	1
131	198	14	16	1	1	2
132	850	6	9	1	3	2
133	665	14	15	1	3	3
134	347	14	15	1	2	2
135	449	5	6	2	4	2
136	283	15	16	3	4	1
137	481	1	2	3	1	3
138	182	9	12	3	4	3
139	57	13	16	3	2	1
140	173	18	19	1	2	1
141	134	14	16	1	3	3
142	437	18	20	1	2	1
143	273	19	21	1	4	3
144	147	10	11	1	3	3
145	716	10	13	3	3	1
146	334	20	22	1	3	3
147	528	14	16	3	4	2
148	44	9	12	1	2	1
149	127	7	8	1	3	3
150	120	21	22	3	2	1
151	280	18	20	3	2	2
152	296	16	17	3	1	3
153	335	8	10	2	4	3
154	760	13	14	3	2	2
155	878	2	3	1	3	1
156	103	1	4	2	1	2
157	219	16	19	3	4	2
158	922	15	18	2	3	3
159	228	9	10	2	2	1
160	23	17	19	2	4	3
161	707	9	12	2	1	2
162	111	18	20	3	2	1
163	862	17	18	3	3	3
164	332	4	6	1	1	2
165	383	21	24	1	2	2
166	884	10	11	1	1	2
167	653	22	23	1	1	1
168	390	16	18	1	2	1
169	894	1	2	2	1	2
170	874	4	6	1	1	3
171	660	15	16	2	4	1
172	920	5	6	2	1	1
173	271	15	16	1	1	3
174	382	6	7	3	3	2
175	777	9	11	2	4	3
176	766	13	16	2	1	1
177	717	16	18	1	4	2
178	148	19	21	1	2	2
179	95	11	12	1	1	3
180	265	5	6	2	4	3
181	881	12	13	2	2	2
182	927	13	14	2	3	2
183	687	21	23	1	3	3
184	317	5	6	1	1	1
185	144	5	6	3	4	3
186	488	8	10	3	1	2
187	351	7	9	2	1	2
188	149	15	18	1	2	2
189	100	4	5	1	4	1
190	92	4	7	2	1	2
191	700	1	3	3	1	1
192	915	19	22	2	4	1
193	475	20	23	2	3	2
194	19	21	22	1	2	2
195	175	5	6	3	4	3
196	479	17	18	3	2	1
197	339	5	8	3	1	2
198	212	4	7	1	1	1
199	715	2	5	2	4	3
200	731	11	13	2	4	1
201	518	18	19	2	3	1
202	429	19	21	2	3	3
203	249	5	6	2	2	1
204	302	5	7	3	2	2
205	911	7	8	1	1	2
206	516	15	18	2	1	3
207	69	9	10	1	4	2
208	362	12	13	2	1	1
209	226	8	11	1	1	1
210	480	21	22	1	2	1
211	934	7	10	1	2	2
212	396	21	22	1	4	3
213	930	20	22	3	3	2
214	233	3	5	3	3	1
215	417	17	19	2	3	1
216	678	7	8	3	3	2
217	795	4	7	2	2	1
218	599	1	4	2	2	2
219	459	15	17	1	2	2
220	471	3	5	2	3	2
221	674	15	18	2	3	3
222	905	4	5	2	2	1
223	545	11	14	1	3	2
224	313	10	13	1	4	2
225	491	14	16	3	4	2
226	440	21	22	1	2	1
227	448	17	19	1	1	2
228	9	2	3	2	4	3
229	744	21	23	1	2	1
230	416	14	17	2	1	1
231	734	21	23	2	4	2
232	526	13	14	3	1	2
233	556	8	10	1	1	3
234	277	12	15	1	4	2
235	374	19	20	1	4	1
236	664	18	19	3	3	1
237	431	2	3	2	4	1
238	948	13	15	3	2	2
239	839	14	16	1	3	2
240	66	8	11	1	2	1
241	679	6	8	2	3	3
242	489	15	17	1	3	2
243	212	15	17	2	4	2
244	36	2	5	2	3	1
245	139	4	5	2	3	1
246	590	12	15	2	3	1
247	597	10	12	3	1	1
248	257	10	13	2	1	3
249	327	13	16	3	3	3
250	750	4	5	3	4	2
251	738	10	13	3	4	2
252	11	10	11	2	1	1
253	40	7	9	2	3	2
254	581	21	22	1	2	2
255	345	19	20	1	1	2
256	661	14	15	2	1	2
257	710	20	22	3	3	3
258	386	9	10	2	1	2
259	639	17	20	2	4	1
260	85	16	17	3	3	1
261	769	13	15	1	3	2
262	735	7	9	3	1	2
263	146	11	12	2	4	2
264	699	6	9	3	1	2
265	205	3	5	3	4	2
266	285	5	7	2	3	2
267	938	17	18	3	4	1
268	926	14	16	1	2	2
269	557	21	23	2	3	1
270	914	3	4	1	4	1
271	577	2	5	2	1	3
272	190	18	20	3	1	2
273	709	2	4	2	2	2
274	652	15	17	3	1	1
275	601	6	9	2	1	1
276	784	15	17	1	1	2
277	786	16	18	3	3	1
278	384	21	22	2	1	2
279	852	8	9	2	2	2
280	217	18	21	2	1	1
281	461	1	2	3	1	1
282	776	1	2	2	4	1
283	391	20	21	1	2	1
284	275	19	20	2	4	3
285	546	22	24	1	4	2
286	108	19	22	1	1	2
287	64	19	22	1	1	3
288	813	6	8	1	1	3
289	522	13	15	1	2	1
290	778	8	11	2	4	2
291	151	9	10	3	3	3
292	470	17	18	3	4	3
293	379	16	18	1	4	3
294	554	7	9	1	3	2
295	209	7	9	1	1	3
296	683	20	23	1	2	2
297	46	20	21	3	2	1
298	141	9	10	1	2	1
299	771	20	21	1	2	2
300	482	9	11	3	3	1
301	153	17	20	2	4	2
302	446	19	22	1	2	1
303	945	12	15	2	3	2
304	70	13	16	2	2	1
305	363	10	11	3	4	1
306	558	15	16	3	2	2
307	145	10	13	3	4	1
308	443	5	6	2	2	2
309	600	4	6	2	3	1
310	733	7	9	1	4	2
311	415	21	22	2	4	3
312	688	12	13	2	2	2
313	703	17	20	2	3	1
314	326	14	16	3	1	1
315	912	7	9	3	3	2
316	535	17	18	1	1	3
317	753	1	4	2	1	1
318	935	23	24	1	3	3
319	785	2	3	1	4	1
320	289	9	10	3	4	1
321	841	12	14	3	3	3
322	748	17	18	3	3	2
323	608	16	19	1	3	1
324	888	7	10	1	2	2
325	704	8	9	2	3	2
326	325	16	17	3	2	1
327	647	21	23	2	1	3
328	238	20	22	1	3	3
329	677	11	13	2	4	1
330	474	1	4	1	4	1
331	917	20	22	3	2	1
332	29	12	13	1	3	3
333	509	16	19	2	2	2
334	898	14	15	2	4	3
335	166	17	19	3	1	3
336	152	7	10	3	3	1
337	521	17	18	3	3	2
338	310	14	17	2	1	1
339	889	3	5	3	1	1
340	682	19	20	3	4	3
341	899	14	16	1	1	1
342	649	21	24	1	3	2
343	314	5	8	3	1	2
344	203	5	6	1	1	3
345	610	8	10	1	4	3
346	586	7	8	3	1	1
347	1	4	7	3	2	1
348	520	2	5	3	2	2
349	627	8	11	3	1	1
350	290	19	20	3	4	2
351	739	13	16	2	3	3
352	43	16	17	2	3	3
353	12	18	20	2	4	3
354	37	2	3	1	1	1
355	672	2	5	1	3	1
356	794	18	20	2	4	3
357	701	16	19	2	2	1
358	947	21	23	2	4	3
359	727	1	2	3	2	2
360	15	19	20	1	2	1
361	807	3	4	3	4	3
362	547	4	6	3	3	2
363	894	18	21	1	2	2
364	227	9	10	3	2	2
365	132	20	22	3	3	2
366	501	23	24	1	1	1
367	534	9	12	1	3	3
368	87	2	3	1	1	2
369	800	16	19	3	2	1
370	128	21	22	3	4	3
371	764	6	8	3	1	3
372	389	3	5	2	4	1
373	834	18	19	2	4	2
374	548	19	22	3	1	1
375	72	11	14	3	2	2
376	856	4	6	3	2	2
377	282	18	19	2	2	2
378	572	1	2	3	2	1
379	527	20	22	2	3	3
380	780	11	14	3	4	2
381	168	9	12	3	3	2
382	438	7	8	2	2	2
383	237	8	11	1	4	3
384	68	19	22	2	3	1
385	309	17	18	2	4	1
386	372	6	7	3	3	2
387	454	14	17	3	4	1
388	767	11	12	1	1	1
389	95	21	22	2	1	2
390	344	13	14	2	1	1
391	56	17	19	2	3	2
392	620	5	7	1	3	3
393	105	6	8	2	1	2
394	407	6	9	3	3	2
395	694	9	12	2	2	2
396	607	8	9	2	4	1
397	636	6	7	1	2	2
398	142	18	21	3	3	1
399	476	4	6	2	2	2
400	159	14	16	2	4	1
401	81	6	7	2	1	1
402	204	18	20	2	4	2
403	453	1	2	1	2	2
404	433	7	10	2	3	3
405	404	9	11	1	4	3
406	883	12	14	3	3	3
407	564	11	12	3	1	1
408	53	8	10	1	3	3
409	341	18	20	1	1	1
410	17	13	16	1	4	3
411	728	12	15	1	3	2
412	91	13	15	1	2	1
413	222	17	18	1	3	3
414	405	15	18	1	1	2
415	196	17	20	3	4	1
416	399	5	6	1	1	3
417	162	17	19	1	4	1
418	689	9	11	3	2	1
419	328	9	12	3	1	2
420	434	22	23	1	3	1
421	902	14	16	2	4	3
422	160	20	23	1	2	1
423	451	4	6	2	4	2
424	225	18	21	3	4	1
425	223	17	18	1	1	2
426	517	19	21	2	4	3
427	887	5	6	3	1	2
428	169	20	23	2	1	2
429	943	3	4	2	1	3
430	214	14	17	3	1	3
431	493	7	10	1	3	2
432	696	7	10	2	2	1
433	605	11	14	1	2	2
434	258	17	20	2	4	2
435	263	19	22	2	1	2
436	843	17	20	2	1	3
437	106	5	8	2	3	1
438	154	7	9	2	1	2
439	763	9	12	1	2	1
440	346	11	12	3	1	2
441	52	16	18	2	4	1
442	10	16	17	3	3	3
443	942	9	12	1	4	3
444	890	15	17	3	1	2
445	825	17	19	1	1	2
446	432	8	10	3	1	3
447	865	9	12	1	3	2
448	553	6	9	3	4	2
449	205	11	13	3	4	1
450	248	9	12	3	3	2
451	625	14	17	2	2	2
452	713	20	21	2	4	3
453	41	18	20	2	1	1
454	348	22	23	2	1	2
455	591	5	7	2	1	2
456	711	17	20	3	3	1
457	174	10	13	2	3	1
458	117	1	4	1	1	3
459	844	5	8	2	3	3
460	849	8	11	2	4	2
461	655	18	19	3	3	2
462	32	6	9	3	3	3
463	165	11	13	3	1	2
464	312	8	11	3	2	1
465	941	1	3	1	4	1
466	42	10	12	1	1	2
467	766	2	3	2	3	2
468	724	19	20	1	3	3
469	619	11	12	3	2	2
470	736	20	21	3	3	1
471	616	7	10	1	2	2
472	393	16	17	2	3	2
473	419	6	8	2	2	1
474	123	6	8	3	3	1
475	319	13	16	2	3	2
476	458	17	18	3	3	2
477	343	15	17	2	2	2
478	301	10	11	2	2	1
479	629	5	6	2	1	2
480	201	4	7	3	2	1
481	868	13	16	2	1	2
482	713	3	4	1	2	2
483	538	13	16	3	1	3
484	746	19	22	1	2	2
485	525	1	2	3	1	3
486	752	20	21	3	1	2
487	457	13	14	1	2	2
488	726	2	5	3	2	1
489	59	5	7	3	3	3
490	497	11	14	3	4	2
491	555	8	9	3	1	2
492	446	4	6	3	1	3
493	880	19	20	2	1	1
494	424	3	6	2	2	2
495	307	8	11	1	2	2
496	318	11	13	1	4	2
497	88	18	19	1	2	1
498	229	15	18	1	3	3
499	131	23	24	1	2	1
500	261	6	8	2	4	1
501	821	8	9	2	2	2
502	113	8	9	2	3	3
503	254	14	16	1	2	2
504	624	2	3	2	1	3
505	269	14	16	2	3	1
506	364	6	9	1	2	1
507	311	10	12	2	3	1
508	50	12	14	1	1	1
509	567	3	4	3	1	1
510	292	13	15	3	3	2
511	659	7	8	2	2	1
512	775	13	15	3	3	2
513	641	4	6	3	2	1
514	855	2	4	2	2	1
515	206	4	7	1	3	2
516	167	17	18	2	3	1
517	74	19	21	2	3	2
518	515	19	21	1	3	1
519	706	5	8	2	1	1
520	324	18	21	3	3	3
521	666	5	8	1	3	3
522	90	7	10	2	3	3
523	909	5	6	1	2	1
524	673	18	20	3	1	3
525	776	12	15	2	3	2
526	483	19	21	3	4	1
527	403	23	24	1	3	1
528	63	14	15	3	3	2
529	566	3	6	2	1	3
530	749	19	22	2	2	2
531	436	3	5	2	4	1
532	303	3	4	2	3	2
533	61	19	22	2	1	2
534	104	8	10	2	2	2
535	298	19	21	2	4	3
536	676	5	7	3	3	3
537	492	3	6	1	1	3
538	864	11	14	3	4	3
539	934	10	13	1	1	1
540	816	17	19	3	2	1
541	260	1	4	1	3	2
542	89	8	11	1	1	2
543	299	16	19	2	1	2
544	54	3	6	1	1	2
545	468	9	11	2	2	2
546	872	3	6	1	4	1
547	375	7	9	2	1	3
548	830	14	17	2	4	1
549	845	14	16	1	1	3
550	675	13	14	3	4	3
551	622	17	18	3	3	3
552	646	2	4	3	3	3
553	380	7	9	1	2	2
554	86	7	10	3	2	2
555	593	8	10	1	4	1
556	737	5	7	3	1	1
557	685	16	18	3	2	2
558	411	19	20	1	3	1
559	729	18	20	2	4	3
560	500	2	3	1	1	1
561	352	21	22	1	2	1
562	913	5	7	2	3	2
563	71	20	21	3	3	1
564	121	18	20	1	1	1
565	722	15	16	3	3	2
566	927	9	12	3	2	2
567	482	12	13	2	2	1
568	658	21	23	1	3	1
569	291	11	12	1	3	1
570	445	16	18	1	1	2
571	783	10	12	2	3	2
572	645	16	17	1	3	1
573	49	2	3	2	3	1
574	824	2	3	2	2	1
575	618	5	8	1	3	3
576	598	14	16	2	2	1
577	262	15	16	3	1	2
578	28	12	13	3	3	1
579	439	7	9	3	1	3
580	906	2	3	2	4	3
581	206	12	14	1	4	2
582	542	1	4	2	4	2
583	428	15	16	1	2	1
584	99	12	14	3	1	2
585	464	5	7	3	2	2
586	940	6	7	3	2	1
587	698	10	13	1	4	3
588	112	18	19	3	2	1
589	365	15	16	2	1	2
590	60	15	17	3	4	1
591	573	11	12	2	3	3
592	505	19	22	1	1	3
593	671	16	19	3	1	2
594	329	15	16	3	2	2
595	819	14	17	2	4	3
596	286	11	14	1	4	1
597	2	7	8	3	3	2
598	13	14	17	3	3	3
599	613	14	15	1	2	2
600	747	16	18	2	1	3
601	62	7	10	2	1	3
602	5	15	17	3	4	2
603	815	18	21	1	1	1
604	520	10	12	3	3	1
605	463	9	12	2	1	2
606	97	18	21	3	4	1
607	714	5	8	3	1	2
608	67	13	16	1	3	2
609	394	7	10	3	1	3
610	350	8	10	3	3	2
611	75	7	10	1	2	1
612	702	12	13	1	4	1
613	84	4	5	3	2	1
614	172	9	10	1	1	2
615	523	13	15	2	3	2
616	648	21	23	2	4	2
617	115	8	9	2	1	1
618	200	11	13	1	3	2
619	143	20	22	1	1	1
620	93	7	10	1	1	3
621	47	13	15	3	2	2
622	837	2	4	2	1	1
623	422	18	20	3	4	1
624	477	21	23	1	4	3
625	465	9	10	3	4	2
626	782	5	6	1	1	1
627	55	9	12	3	4	3
628	781	17	20	1	4	1
629	634	18	21	2	4	3
630	107	19	21	2	1	2
631	908	20	23	2	4	2
632	256	5	6	3	3	1
633	177	20	22	1	3	2
634	588	12	13	1	1	1
635	928	9	10	3	1	1
636	832	3	6	1	1	1
637	215	10	13	1	1	2
638	854	14	16	2	3	3
639	797	16	19	1	3	2
640	730	1	2	2	3	3
641	612	11	12	3	2	1
642	897	10	11	1	4	1
643	193	6	8	1	1	1
644	119	22	23	2	3	1
645	413	10	11	1	4	2
646	690	17	19	3	4	2
647	230	15	18	2	1	1
648	232	5	8	1	4	3
649	378	11	14	3	2	2
650	580	17	19	1	1	1
651	533	6	9	2	1	3
652	571	12	13	2	1	3
653	101	6	9	3	3	3
654	553	10	11	2	1	1
655	369	3	4	1	1	2
656	371	2	3	3	1	3
657	570	10	13	2	1	1
658	925	5	6	3	2	2
659	685	22	24	1	2	1
660	24	5	7	2	1	3
661	320	18	21	1	2	2
662	297	2	5	1	3	3
663	234	2	3	2	1	2
664	415	2	5	1	4	1
665	663	17	18	3	4	1
666	640	16	18	1	4	3
667	933	7	8	2	2	2
668	895	16	18	3	3	3
669	195	12	13	2	1	1
670	197	8	11	1	4	1
671	235	19	20	3	4	1
672	828	22	24	1	3	3
673	418	16	17	2	1	2
674	125	5	8	3	4	1
675	192	16	19	3	3	3
676	617	8	9	3	2	2
677	796	17	19	2	4	2
678	513	5	6	1	2	2
679	668	19	21	1	4	2
680	770	2	3	1	3	1
681	496	10	13	1	1	3
682	186	3	4	3	2	2
683	543	14	16	1	1	3
684	150	6	7	3	1	1
685	80	18	21	1	1	1
686	58	5	8	1	2	1
687	831	1	4	1	2	2
688	654	15	18	1	1	1
689	584	22	23	1	4	2
690	836	15	17	1	4	3
691	266	9	12	3	1	1
692	565	10	12	2	2	1
693	77	1	2	2	1	2
694	270	6	7	2	1	3
695	863	3	5	1	2	1
696	367	18	19	2	4	1
697	354	2	3	1	4	1
698	138	19	20	2	1	2
699	408	10	11	1	2	2
700	129	8	10	2	4	2
701	494	9	10	3	1	1
702	693	4	7	3	4	3
703	802	11	14	2	4	1
704	856	4	7	1	3	2
705	246	12	13	3	4	2
706	732	18	19	2	1	2
707	1	17	18	1	4	3
708	681	13	14	2	1	1
709	25	12	14	1	3	3
710	163	5	8	1	1	1
711	558	20	22	2	4	3
712	561	19	20	1	1	1
713	211	10	11	3	2	1
714	892	11	12	1	3	1
715	886	1	4	2	3	3
716	644	13	16	2	4	3
717	623	19	22	3	4	2
718	73	15	16	1	4	3
719	787	11	14	3	2	1
720	207	14	17	2	3	2
721	170	17	19	2	4	1
722	806	7	10	3	4	3
723	650	4	6	3	3	1
724	366	12	15	3	4	1
725	466	6	7	3	2	2
726	822	11	12	1	1	2
727	202	2	4	1	4	3
728	873	23	24	1	1	3
729	818	6	8	2	1	1
730	539	11	12	2	4	3
731	179	18	19	3	4	3
732	116	13	14	3	2	1
733	122	9	12	2	2	2
734	808	11	14	3	2	2
735	357	6	9	3	2	1
736	96	8	9	3	2	2
737	793	12	15	2	4	1
738	932	16	18	3	3	3
739	252	2	3	1	1	2
740	259	9	12	3	1	3
741	340	10	11	2	3	3
742	250	9	11	2	2	1
743	456	1	3	2	4	2
744	430	2	5	1	1	2
745	4	19	22	2	3	3
746	519	2	3	3	3	1
747	441	10	12	2	3	2
748	388	7	9	1	3	2
749	773	12	15	2	4	3
750	414	13	15	3	2	1
751	596	9	10	2	2	2
752	589	2	4	1	4	3
753	530	3	6	2	2	1
754	181	16	19	1	2	2
755	478	7	9	3	1	1
756	723	7	10	1	1	1
757	544	23	24	1	3	1
758	858	15	18	3	4	3
759	708	10	13	1	1	3
760	762	11	13	2	4	2
761	48	19	22	1	4	1
762	820	6	7	2	3	1
763	444	22	23	1	1	1
764	360	4	5	1	3	2
765	397	10	12	3	4	2
766	861	18	19	1	2	2
767	823	12	14	2	4	3
768	579	9	11	3	2	2
769	300	19	20	2	1	1
770	772	16	18	3	4	2
771	583	2	4	1	3	2
772	549	6	8	1	2	2
773	356	19	22	2	3	3
774	875	11	13	3	2	2
775	574	7	10	1	3	1
776	130	10	11	2	3	1
777	614	5	8	3	4	1
778	425	20	23	1	1	2
779	255	7	10	1	2	1
780	642	1	2	2	1	2
781	322	22	23	1	4	2
782	135	1	4	3	3	2
783	562	18	21	3	2	1
784	606	2	5	2	4	3
785	245	18	20	1	4	1
786	392	7	8	2	3	2
787	792	12	13	1	2	2
788	78	12	13	1	4	3
789	410	16	18	1	4	1
790	402	13	15	1	4	1
791	423	12	13	3	4	2
792	450	12	13	1	4	1
793	921	4	6	2	3	3
794	643	20	23	1	2	2
795	582	4	7	1	4	3
796	242	2	5	2	1	1
797	529	22	23	1	1	2
798	253	1	3	3	1	2
799	176	4	7	3	2	2
800	633	5	8	3	4	2
801	452	14	16	2	4	2
802	810	1	3	2	1	3
803	891	3	4	3	2	2
804	575	16	17	3	4	3
805	342	4	5	3	1	3
806	788	18	21	2	1	3
807	79	10	11	3	3	3
808	323	20	21	2	2	1
809	224	10	11	3	1	3
810	592	5	8	3	1	3
811	835	10	12	2	4	2
812	508	17	18	3	4	1
813	279	12	14	2	1	1
814	109	10	12	3	4	3
815	258	13	15	2	1	3
816	20	19	21	1	3	2
817	803	12	13	2	4	2
818	798	19	20	1	3	1
819	274	18	21	1	3	2
820	720	5	7	1	3	3
821	209	19	21	2	3	1
822	603	7	9	3	2	1
823	294	8	9	3	2	1
824	377	8	9	1	2	1
825	847	3	6	1	1	1
826	359	20	22	2	1	3
827	126	3	6	3	4	3
828	34	8	9	1	4	3
829	68	21	23	1	4	1
830	333	7	9	2	1	2
831	514	14	17	3	4	1
832	231	6	7	3	4	1
833	901	10	11	2	1	2
834	585	8	10	3	4	1
835	218	6	9	1	1	1
836	857	10	12	3	4	3
837	804	1	3	1	4	1
838	609	13	15	1	1	2
839	401	11	14	3	1	1
840	22	8	9	1	1	2
841	308	19	21	3	4	3
842	638	4	7	1	4	3
843	842	5	6	1	4	3
844	900	19	21	2	4	1
845	490	6	7	3	2	1
846	680	10	13	2	2	1
847	594	20	23	1	1	3
848	353	18	20	2	4	1
849	447	18	21	2	3	3
850	949	10	13	1	1	1
851	814	4	6	2	4	2
852	790	17	19	2	3	3
853	774	12	15	2	4	2
854	45	18	19	2	3	1
855	587	4	6	2	1	2
856	721	9	11	2	2	1
857	180	11	14	3	4	1
858	316	2	5	2	4	2
859	236	4	7	1	2	2
860	811	10	12	1	2	1
861	323	6	8	2	4	1
862	602	17	20	1	2	2
863	919	17	18	1	2	1
864	526	10	12	3	2	1
865	418	6	7	3	4	2
866	148	9	11	1	1	2
867	157	4	5	2	3	1
868	9	10	13	1	4	3
869	358	8	11	3	4	2
870	741	19	22	3	1	1
871	651	19	20	3	1	2
872	171	4	7	2	3	3
873	76	1	4	3	1	3
874	840	13	14	2	1	1
875	871	14	17	1	2	1
876	355	12	15	3	3	2
877	631	13	14	3	2	2
878	657	5	8	3	2	2
879	550	7	10	2	1	2
880	276	15	17	3	2	1
881	846	20	22	1	1	2
882	305	10	12	1	3	2
883	38	13	16	3	3	2
884	304	18	19	1	3	3
885	8	12	13	1	4	1
886	239	7	10	2	1	2
887	240	2	5	2	2	1
888	473	5	6	1	2	2
889	563	14	17	2	3	1
890	16	12	14	1	4	3
891	768	3	6	1	4	2
892	684	3	5	1	4	3
893	536	12	13	3	4	1
894	851	16	18	2	1	2
895	751	18	20	3	1	3
896	568	3	6	3	1	2
897	745	7	10	3	4	3
898	656	4	7	2	2	2
899	3	18	20	3	4	2
900	188	18	20	3	2	2
901	435	17	18	2	4	2
902	695	14	15	3	2	1
903	412	20	21	1	4	2
904	758	13	14	3	4	1
905	809	4	5	2	4	3
906	936	10	11	1	4	2
907	635	16	18	1	4	1
908	611	12	13	1	3	2
909	632	9	11	3	4	1
910	560	10	12	1	3	1
911	498	11	12	2	1	2
912	907	10	13	3	2	1
913	210	12	15	1	2	1
914	510	15	17	2	3	1
915	929	13	14	2	4	2
916	161	3	5	1	3	1
917	662	12	14	1	1	1
918	718	12	13	1	2	1
919	35	19	21	2	4	1
920	427	1	4	3	4	2
921	289	15	18	3	2	1
922	155	5	8	3	3	2
923	725	12	14	1	3	3
924	421	17	18	2	1	3
925	877	5	8	2	3	3
926	67	7	10	1	4	3
927	140	20	21	1	1	1
928	485	8	10	3	1	3
929	944	8	10	2	4	3
930	879	13	15	1	3	2
931	885	10	13	1	3	1
932	376	13	14	1	1	1
933	338	5	7	1	3	1
934	467	7	9	2	4	2
935	503	9	12	3	3	3
936	924	14	17	3	2	1
937	848	4	5	2	4	1
938	420	18	21	1	3	3
939	670	7	8	3	4	2
940	923	13	15	2	1	2
941	406	20	23	2	3	2
942	442	8	9	3	1	1
943	243	7	10	3	2	2
944	83	10	11	1	2	2
945	595	9	10	1	1	1
946	118	7	8	3	4	3
947	164	18	20	3	4	3
948	102	3	4	2	1	1
949	552	12	15	2	3	2
950	189	20	21	1	4	3
951	134	19	21	3	2	1
952	18	9	12	3	2	2
953	65	16	18	2	2	2
954	297	18	21	2	3	2
955	124	14	16	1	1	3
956	637	1	3	2	4	1
957	506	15	18	2	2	1
958	487	21	22	1	2	1
959	499	15	17	1	3	3
960	469	14	16	2	2	2
961	833	2	4	3	1	3
962	743	17	19	2	2	1
963	615	15	18	1	3	3
964	460	14	16	1	3	2
965	532	9	10	1	1	1
966	646	19	20	1	4	2
967	484	10	12	2	1	1
968	349	11	13	1	1	2
969	799	10	13	3	2	1
970	395	14	16	3	4	3
971	829	21	22	3	3	1
972	187	9	11	1	4	1
973	559	13	16	1	4	1
974	158	19	22	2	1	3
975	31	7	9	2	4	2
976	742	16	17	1	2	1
977	315	17	18	1	3	3
978	370	14	17	2	4	2
979	754	6	7	3	2	2
980	387	15	17	1	1	1
981	893	15	17	3	1	3
982	827	22	23	1	4	1
983	409	18	19	2	2	2
984	287	6	7	3	3	3
985	859	10	11	1	3	3
986	251	3	4	2	3	2
987	801	20	23	1	3	3
988	455	4	6	3	3	2
989	281	11	14	1	1	2
990	82	7	10	2	4	3
991	667	5	6	3	2	1
992	184	8	9	1	3	1
993	114	10	13	2	4	1
994	946	18	21	1	3	2
995	796	13	15	2	2	2
996	823	4	6	3	2	1
997	691	5	8	3	4	2
998	551	6	9	3	2	2
999	208	15	16	2	4	1
1000	851	14	16	1	3	1

