DATASET = All time best instance set VeRoLog competition
NAME = vehicle days over tools over vehicles over distance with 100 requests over 5 days

DAYS = 5
CAPACITY = 30
MAX_TRIP_DISTANCE = 15000
DEPOT_COORDINATE = 0

VEHICLE_COST = 4000
VEHICLE_DAY_COST = 30000000
DISTANCE_COST = 1

TOOLS = 5
1	6	38	300000
2	3	34	400000
3	12	18	300000
4	9	40	100000
5	9	28	500000

COORDINATES = 100
0	3917	6819
1	8922	6183
2	7726	6228
3	7895	6301
4	8385	6345
5	8496	6446
6	4353	6540
7	7666	6614
8	4236	6223
9	7462	6948
10	8204	4268
11	4598	7130
12	4086	7143
13	7170	7971
14	8549	7628
15	7477	7966
16	6271	7981
17	7521	8068
18	6436	8144
19	7561	8156
20	5861	8168
21	5902	8302
22	5470	8452
23	7714	8518
24	5361	8593
25	3770	8634
26	3931	4414
27	6296	8682
28	7381	8794
29	5861	8851
30	8480	8903
31	7308	8962
32	7326	9246
33	8037	9361
34	3451	4833
35	8770	6891
36	8134	7016
37	2717	5083
38	7098	7247
39	6405	1175
40	8767	9381
41	5138	4182
42	2943	2779
43	296	1834
44	7737	7419
45	7789	5478
46	5400	2244
47	5294	2264
48	4809	2300
49	4127	2483
50	6663	2567
51	6168	7564
52	4660	2812
53	4940	3575
54	5728	2846
55	4139	7619
56	4098	3096
57	5626	3264
58	6355	3469
59	4265	3584
60	6866	5709
61	5118	3663
62	8338	6012
63	8028	5449
64	5171	3776
65	1739	3785
66	6169	3977
67	5777	8268
68	4962	4265
69	4095	4323
70	5009	4339
71	3783	4463
72	4139	4471
73	8296	4494
74	7928	4553
75	7721	4581
76	3849	4752
77	3997	4754
78	4826	4779
79	4861	4814
80	7897	4856
81	3832	4865
82	6987	4944
83	8203	5017
84	9132	5134
85	4171	5231
86	8622	5252
87	8605	5330
88	3151	5352
89	8070	5462
90	8645	5477
91	8706	5720
92	6993	5774
93	9456	5866
94	9077	5876
95	8899	5933
96	7070	6001
97	6814	7928
98	9178	6073
99	4276	6082

REQUESTS = 100
1	72	1	2	3	1	2
2	67	1	2	3	1	2
3	63	2	4	1	1	2
4	62	1	2	3	5	1
5	66	1	2	3	4	3
6	49	1	2	3	4	2
7	90	1	4	1	3	2
8	29	1	2	3	2	1
9	1	1	2	3	1	3
10	35	2	4	1	3	2
11	52	1	2	3	2	3
12	96	2	3	2	2	2
13	25	1	2	3	3	1
14	79	1	2	3	5	1
15	69	1	3	2	2	2
16	89	1	2	3	2	3
17	40	1	2	2	3	1
18	81	2	3	2	3	1
19	76	3	4	1	2	1
20	3	1	2	3	4	1
21	16	1	3	2	3	2
22	39	1	2	3	4	3
23	73	1	3	1	2	3
24	9	1	2	3	5	1
25	58	1	4	1	4	2
26	50	2	3	2	3	1
27	92	1	3	1	2	1
28	22	1	3	1	4	2
29	95	1	2	3	3	1
30	28	1	3	2	4	3
31	37	1	3	2	2	1
32	99	1	2	2	2	1
33	20	1	2	3	1	1
34	15	2	3	1	4	2
35	5	1	2	3	4	2
36	83	1	2	3	4	1
37	30	1	2	3	1	1
38	21	1	3	1	2	2
39	13	2	3	2	2	3
40	18	1	2	3	1	1
41	14	1	2	3	2	2
42	84	1	3	2	5	3
43	80	1	2	1	1	3
44	44	1	3	2	1	2
45	65	1	2	3	4	2
46	45	1	3	2	3	1
47	6	1	2	3	1	3
48	17	1	2	2	2	3
49	48	2	4	1	4	2
50	33	2	3	2	1	2
51	70	1	3	2	1	3
52	57	1	2	3	4	3
53	36	1	3	2	4	3
54	74	1	2	3	1	1
55	32	1	3	2	5	2
56	85	1	4	1	4	2
57	84	1	2	1	2	2
58	91	1	4	1	5	2
59	60	1	2	3	5	2
60	46	1	2	3	5	3
61	86	1	3	2	5	1
62	34	1	3	2	5	3
63	38	1	3	2	3	2
64	53	1	2	3	5	1
65	56	1	2	3	1	2
66	19	1	3	1	2	3
67	88	1	2	2	2	1
68	71	1	3	2	4	2
69	94	1	2	3	1	2
70	23	1	3	2	4	3
71	4	1	2	3	5	2
72	26	1	2	3	1	2
73	93	1	2	3	4	2
74	59	1	3	2	3	2
75	82	1	2	2	2	2
76	55	1	3	2	1	3
77	51	2	4	1	3	1
78	10	1	2	1	3	2
79	68	1	2	3	2	2
80	47	1	2	3	2	2
81	61	1	4	1	5	3
82	27	1	2	3	5	3
83	64	1	2	1	3	1
84	12	1	2	1	3	1
85	87	1	2	2	4	1
86	75	1	2	3	1	2
87	77	1	2	3	3	2
88	43	1	3	2	3	1
89	11	1	3	2	3	1
90	8	1	4	1	1	3
91	31	1	2	3	4	2
92	97	1	2	1	1	3
93	7	1	2	2	3	1
94	41	1	2	3	2	2
95	24	1	4	1	5	1
96	54	1	3	2	1	1
97	2	2	3	1	4	3
98	98	1	2	3	5	2
99	78	2	3	2	3	2
100	42	1	4	1	5	1

