DATASET = All time best instance set VeRoLog competition
NAME = vehicles over tools over vehicle days over distance with 1000 requests over 25 days

DAYS = 25
CAPACITY = 50
MAX_TRIP_DISTANCE = 17000
DEPOT_COORDINATE = 0

VEHICLE_COST = 30000000
VEHICLE_DAY_COST = 3000
DISTANCE_COST = 1

TOOLS = 3
1	3	88	300000
2	3	108	500000
3	9	98	400000

COORDINATES = 945
0	7410	5448
1	3276	6132
2	9080	6131
3	8073	6145
4	4347	6152
5	9011	6155
6	8025	6165
7	8695	6166
8	9134	6173
9	3496	6175
10	8736	6181
11	7321	6189
12	5472	6193
13	7513	6197
14	7470	6207
15	7528	6208
16	8711	6210
17	8982	6227
18	8856	6228
19	7543	6232
20	8805	6237
21	7624	6241
22	8731	6251
23	8275	6267
24	3468	6275
25	5361	4335
26	8183	6309
27	8247	6309
28	4058	6337
29	8445	6343
30	7586	6354
31	4271	6357
32	4837	2169
33	8441	6415
34	8468	6429
35	7807	6435
36	7469	6455
37	3973	6457
38	4437	6459
39	7928	6470
40	6142	6480
41	8049	6484
42	4351	6492
43	6084	6495
44	6919	6500
45	3961	6524
46	7505	6526
47	7500	6549
48	3681	6554
49	7024	8205
50	7480	6561
51	7286	6587
52	6978	6633
53	6848	209
54	7229	6662
55	8803	6673
56	8699	6675
57	4066	6676
58	8642	6679
59	4236	6223
60	4072	6690
61	8771	6702
62	3416	6705
63	8488	4226
64	3567	6727
65	7726	6734
66	7758	6775
67	4114	6784
68	8546	6786
69	3782	6801
70	8737	6842
71	6246	4252
72	8480	6887
73	4033	6892
74	7447	6938
75	9459	6941
76	9426	6941
77	4007	6944
78	7462	6948
79	7598	6267
80	7478	6951
81	8720	6954
82	4126	4574
83	8598	6976
84	8204	4268
85	9260	6988
86	8725	6989
87	4257	6994
88	7314	7017
89	5957	7026
90	4590	7032
91	6395	4278
92	6871	7060
93	8858	7065
94	8764	7077
95	8052	6289
96	6793	7082
97	4100	7084
98	7533	8296
99	7184	7129
100	8491	7142
101	4382	7144
102	7246	7154
103	8646	7168
104	7774	7170
105	8764	7171
106	4181	7175
107	7688	7192
108	7500	7193
109	7497	7202
110	4266	7217
111	4244	7221
112	4330	7222
113	7766	7241
114	4913	7263
115	8017	7283
116	7273	7284
117	7416	7294
118	8713	7309
119	5631	4324
120	7448	7317
121	8054	7326
122	7400	7331
123	8264	4329
124	7023	7345
125	3967	4333
126	7174	7362
127	9131	7376
128	3817	7378
129	6382	7381
130	8268	7391
131	7228	7400
132	7276	7401
133	7456	7417
134	3810	7428
135	4177	7438
136	8895	5974
137	3547	7448
138	3857	7466
139	7282	7476
140	7765	7483
141	3645	7488
142	7095	7489
143	8259	7513
144	6486	7515
145	8119	7528
146	6439	7538
147	3542	7541
148	8260	7541
149	6595	7558
150	8055	4366
151	8449	7583
152	9667	7584
153	8641	4370
154	5744	4371
155	4388	4373
156	7300	7612
157	6785	7625
158	4336	6380
159	8490	7629
160	7974	7642
161	10000	8386
162	5733	7684
163	8342	7686
164	6430	7690
165	7525	7701
166	7322	7707
167	4161	7720
168	6413	7726
169	5921	7729
170	7583	7731
171	9558	7735
172	5806	7737
173	6173	7748
174	7282	7760
175	6472	7765
176	8364	7777
177	7350	7793
178	8968	7799
179	5641	7808
180	8362	7816
181	7019	7824
182	4059	7849
183	4127	7856
184	8405	7856
185	6859	7860
186	3700	2414
187	7351	7870
188	5293	7873
189	9645	7886
190	7453	7888
191	7359	8429
192	6875	7921
193	5478	8436
194	4235	7943
195	6965	7960
196	6260	7967
197	6271	7981
198	7949	7995
199	8823	4260
200	8468	7997
201	8582	8013
202	7047	8014
203	6402	8016
204	5372	8027
205	9276	8030
206	5393	8043
207	7517	8051
208	5642	8055
209	7313	8064
210	7161	8069
211	7634	8077
212	5543	8082
213	6911	8098
214	6895	8099
215	7549	8106
216	6456	8121
217	8416	8128
218	5861	8168
219	6427	8176
220	6016	8181
221	7307	8208
222	7265	8224
223	9379	6000
224	7418	6483
225	6500	8276
226	8776	8277
227	5331	8286
228	7327	8294
229	6853	8295
230	5650	8301
231	5383	8306
232	7793	8306
233	5818	8320
234	7930	8405
235	2450	4494
236	7694	8344
237	5533	8347
238	5685	8361
239	3908	4501
240	7326	8371
241	4017	6506
242	5487	8510
243	8093	8389
244	5612	8399
245	6372	3525
246	8318	8429
247	6334	8437
248	6678	8439
249	8734	8520
250	7716	8459
251	7161	8477
252	7042	8501
253	7709	8502
254	5904	8506
255	6201	8508
256	9533	8520
257	7092	8522
258	6475	8542
259	6223	8542
260	4521	4010
261	8460	8573
262	8044	8580
263	6396	6539
264	7722	8583
265	7663	8586
266	6593	8600
267	6697	8605
268	8534	8624
269	7446	8632
270	6305	8653
271	6190	8654
272	3793	8662
273	9086	6015
274	8624	8666
275	6296	8682
276	8739	4553
277	8277	8691
278	5678	8698
279	6897	8699
280	7736	8716
281	6386	8717
282	5612	8743
283	6433	8755
284	6211	8759
285	5828	8761
286	7764	8763
287	5415	8784
288	5697	8795
289	7304	8580
290	4972	4574
291	8947	6020
292	6602	8819
293	6552	8820
294	5796	8831
295	6765	8833
296	5558	8834
297	7338	8838
298	6177	8839
299	6045	8847
300	9834	8850
301	7564	8855
302	7394	8902
303	5568	8909
304	8907	8917
305	6979	6597
306	5829	8949
307	7903	8954
308	7190	8972
309	8801	8973
310	3162	2599
311	7751	9013
312	6062	9024
313	6666	9042
314	6726	9044
315	8201	9064
316	7713	9066
317	5694	9067
318	6668	9072
319	8002	9074
320	5171	4620
321	7576	9093
322	6827	9099
323	8141	9105
324	6924	9106
325	6008	9111
326	6560	9114
327	2474	4430
328	6361	9149
329	7368	9150
330	6326	9161
331	7118	9166
332	8778	9183
333	7928	9209
334	9270	9211
335	8384	9213
336	7601	9232
337	5700	8653
338	8198	9248
339	6498	9276
340	7512	9288
341	8998	4434
342	6956	9298
343	8396	9318
344	8951	9321
345	6690	9322
346	7082	9327
347	6921	9347
348	8972	9381
349	7991	6673
350	7693	6675
351	6674	9460
352	7908	4682
353	6162	8690
354	8619	9468
355	2564	4441
356	8418	9476
357	6935	9479
358	6718	9487
359	7784	9501
360	9170	9505
361	6809	9513
362	9176	9517
363	9123	9525
364	8240	9530
365	9167	9580
366	8286	9586
367	6930	9607
368	6844	9643
369	8569	9651
370	5076	9654
371	8167	9657
372	8752	9765
373	8632	9780
374	5162	2737
375	6001	9840
376	6165	9863
377	6391	9876
378	6585	2759
379	9481	8059
380	7351	9976
381	7402	9981
382	7371	9995
383	7328	4798
384	9300	6036
385	4162	6821
386	4721	4823
387	2894	4829
388	3548	2829
389	7658	8073
390	4778	4844
391	5827	2877
392	8770	6891
393	7767	9287
394	7312	6922
395	6342	2920
396	5003	2890
397	7652	6950
398	6455	2092
399	8370	4947
400	7862	8956
401	8784	4961
402	8624	4965
403	8650	5698
404	8455	6102
405	5499	3003
406	3954	5008
407	7952	9021
408	7860	5017
409	9011	5019
410	3845	5024
411	8997	7028
412	8490	7055
413	5536	5064
414	8752	5064
415	7119	5967
416	9044	5067
417	3231	5078
418	3899	5109
419	7611	7120
420	6110	45
421	4039	5120
422	6717	115
423	6695	118
424	6341	207
425	6925	253
426	6443	319
427	8462	5169
428	7523	5175
429	6604	8213
430	6769	3183
431	8939	7196
432	7601	9346
433	4199	5205
434	7549	4372
435	8765	5220
436	6195	801
437	5592	3253
438	7410	5265
439	8782	5274
440	3935	5282
441	3374	4162
442	6256	8567
443	6476	1175
444	6421	1215
445	6605	9320
446	6885	1288
447	6461	6170
448	6397	9345
449	8697	5342
450	8141	5344
451	4011	3344
452	3382	5356
453	4207	3355
454	7682	4576
455	8669	5365
456	5769	3371
457	7059	5376
458	6813	1620
459	6203	1627
460	6399	1647
461	6208	1653
462	6470	1667
463	5938	1668
464	5138	4182
465	6934	3387
466	6461	1741
467	6529	1813
468	1101	1823
469	6211	1833
470	5762	1839
471	3887	7421
472	1077	1868
473	5123	1918
474	1504	1918
475	5782	1934
476	3615	3430
477	1385	1953
478	5884	1980
479	6738	2010
480	5257	2056
481	6237	2063
482	1686	2067
483	405	2069
484	4246	3454
485	7155	2089
486	5295	2129
487	4852	2136
488	5127	2154
489	1548	2169
490	320	2201
491	8181	7480
492	6104	2234
493	4786	2269
494	5089	2297
495	8820	7497
496	5113	2317
497	7368	7502
498	6276	2366
499	6332	2383
500	4590	2398
501	4737	2416
502	5501	2432
503	3682	2442
504	7621	5520
505	4127	2483
506	6850	7530
507	4539	2507
508	6837	2511
509	6208	2519
510	6487	2544
511	2598	2561
512	3244	2577
513	2474	2581
514	3995	2608
515	3893	2623
516	4600	2627
517	4106	2668
518	6942	2673
519	5047	2681
520	6872	2690
521	4893	2694
522	7407	7562
523	2699	2712
524	7170	2713
525	5623	2725
526	6641	2728
527	4576	2730
528	2841	2740
529	3615	2741
530	7417	7569
531	8714	5571
532	6010	2782
533	4703	2784
534	3822	2792
535	3165	2796
536	2581	2809
537	7417	2810
538	4920	2812
539	4841	2830
540	327	2861
541	622	2861
542	6556	2875
543	633	2890
544	2579	2905
545	3546	2907
546	5896	2917
547	3973	2963
548	3946	2977
549	5589	2993
550	5345	3006
551	6068	3010
552	5169	3017
553	6026	3029
554	6327	3031
555	6540	3037
556	6055	3039
557	1198	3044
558	3870	3052
559	3409	3058
560	6862	3065
561	2556	3090
562	4098	3096
563	4544	3102
564	5979	3117
565	5823	3118
566	4088	3626
567	5346	3125
568	3747	3133
569	3207	3138
570	6705	3140
571	4660	3165
572	6381	3206
573	5584	3210
574	6511	3239
575	6080	3261
576	6003	3266
577	4037	3276
578	6522	3280
579	6426	3285
580	4466	3653
581	5434	3298
582	5487	5036
583	3699	3308
584	5405	3321
585	5449	3328
586	6372	3342
587	2456	3346
588	1605	3347
589	5673	3347
590	6506	3348
591	1738	3392
592	6228	3397
593	4581	3456
594	6509	3459
595	5949	3464
596	6355	3469
597	4246	3477
598	6381	3486
599	4208	3490
600	6050	3491
601	9028	5691
602	4487	3500
603	3970	3502
604	4172	3507
605	7815	5695
606	4675	3517
607	6924	3531
608	4412	3537
609	4354	3569
610	4724	3577
611	4646	3584
612	5856	3601
613	4543	3629
614	4368	3640
615	6155	3658
616	4839	3664
617	5230	3683
618	6814	3684
619	4662	3689
620	5987	3689
621	7219	7728
622	5850	3711
623	4262	3745
624	6786	3759
625	1809	3765
626	5194	3780
627	2458	3796
628	4130	3798
629	6745	3822
630	4231	3841
631	5344	3846
632	4069	3867
633	3992	5055
634	4434	3873
635	6037	7763
636	6097	3948
637	4912	3957
638	2203	3967
639	3774	3985
640	5485	3991
641	7108	5774
642	3670	3997
643	5587	4000
644	4032	4017
645	3728	4045
646	6053	4058
647	5727	4070
648	3825	4076
649	3705	4081
650	4082	4098
651	3679	4106
652	5232	4111
653	3982	4114
654	8044	4118
655	4193	4125
656	7981	9466
657	3730	4143
658	4842	4664
659	4599	4162
660	4012	4163
661	3799	4169
662	7542	5804
663	3688	4172
664	8351	4172
665	4074	4179
666	3209	4183
667	4295	4191
668	3997	4208
669	4794	4217
670	4132	4221
671	3426	4229
672	4151	4236
673	3866	4249
674	8180	4251
675	4446	4255
676	4070	4261
677	3909	4263
678	3984	4269
679	6227	4273
680	2383	4282
681	3380	4282
682	4624	4282
683	6071	4301
684	8117	4304
685	4712	4313
686	6779	4314
687	3868	4315
688	4095	4323
689	3643	4328
690	8524	4327
691	6020	4344
692	8589	4351
693	7954	4351
694	3757	4360
695	8380	4366
696	8379	4378
697	6351	4391
698	8871	4408
699	8317	4425
700	4373	4429
701	2414	4432
702	7888	4437
703	8978	4438
704	8317	4450
705	4986	4459
706	3339	4459
707	7379	4460
708	7282	4461
709	3783	4463
710	8677	4471
711	3054	4495
712	8963	4496
713	5753	4498
714	3908	4500
715	6904	4501
716	4294	4510
717	2755	4517
718	8550	4527
719	4755	4533
720	3427	4536
721	2387	4542
722	5793	4543
723	9577	5866
724	4004	4546
725	7928	4553
726	4985	4564
727	8324	4566
728	4381	4572
729	8578	4575
730	8802	4586
731	4791	4626
732	7957	4632
733	5202	4638
734	8533	4642
735	4046	4655
736	8082	4663
737	8651	4666
738	5010	4672
739	4947	4685
740	7493	4710
741	7640	4713
742	3712	4714
743	8630	4717
744	8388	4723
745	3710	4737
746	8085	4739
747	7231	4745
748	8579	4746
749	8013	4746
750	3984	4748
751	8375	4752
752	4697	4762
753	8446	4762
754	4242	4764
755	5280	4771
756	8444	4779
757	7702	4789
758	8437	4791
759	5674	4792
760	3831	4797
761	7571	5910
762	4709	4809
763	7691	4810
764	7245	4811
765	8589	4817
766	5414	4840
767	3762	4858
768	7924	4879
769	3864	4890
770	7851	4892
771	8639	4897
772	8053	5490
773	7882	4912
774	7748	4918
775	5441	4924
776	4191	4927
777	2951	4928
778	3547	4942
779	8324	4942
780	6987	4944
781	5405	4955
782	8905	7938
783	3954	4958
784	3843	4958
785	3606	4959
786	3488	4972
787	2600	4973
788	5522	4983
789	3726	4994
790	3036	4999
791	3005	5004
792	8107	5010
793	7903	5026
794	8414	5064
795	8331	5067
796	4583	5068
797	3303	5077
798	7060	5087
799	9026	5087
800	7009	5094
801	4179	5100
802	5561	5113
803	8675	5117
804	4050	5123
805	8303	5127
806	5777	5139
807	8056	5139
808	3304	5148
809	8953	5202
810	4474	5161
811	4033	5165
812	3208	5165
813	4044	5169
814	8402	5168
815	7306	5175
816	7708	5185
817	7433	5189
818	4307	5199
819	6902	5203
820	7686	5204
821	8683	5205
822	4609	5220
823	4181	5225
824	7767	5239
825	8825	5246
826	7365	5248
827	8894	5253
828	5187	5258
829	7478	4403
830	7762	5274
831	5058	5280
832	7007	5293
833	5211	5307
834	8103	5308
835	1918	3992
836	8315	5321
837	8151	5323
838	3092	5335
839	4024	5353
840	8845	5356
841	7740	5357
842	7966	5360
843	7626	5375
844	4473	5376
845	8319	5381
846	7207	5393
847	5671	5394
848	7515	8012
849	7609	5409
850	2934	5425
851	4232	5425
852	9061	5425
853	7274	5427
854	8601	5434
855	7826	6016
856	4233	5450
857	8853	5451
858	9184	5456
859	5049	5458
860	8352	5460
861	8070	5462
862	4589	5466
863	8351	5468
864	8417	5470
865	8280	5482
866	6959	5483
867	4328	5486
868	7994	5491
869	7091	5492
870	7950	5495
871	7888	5496
872	4198	5497
873	7816	5497
874	9415	5498
875	8296	5501
876	8165	5510
877	4035	5511
878	7758	5511
879	8506	5540
880	7799	5542
881	7016	3031
882	3931	5571
883	6869	5585
884	7124	5601
885	6980	5605
886	7609	5608
887	7494	5612
888	7611	5623
889	7210	5627
890	7777	5643
891	8557	5653
892	7621	5654
893	7422	4314
894	8525	5670
895	7505	5677
896	7770	5710
897	9110	5716
898	8795	5753
899	7390	5777
900	7768	5785
901	9019	5787
902	9072	5802
903	9244	5806
904	8125	5830
905	9686	5920
906	8508	5831
907	7748	5833
908	9020	5848
909	7820	5849
910	7423	5852
911	9132	5880
912	9555	5883
913	8376	5904
914	9055	5908
915	9605	5922
916	7833	5941
917	7875	5942
918	9672	5943
919	8835	5944
920	9374	5955
921	7517	4967
922	7503	5979
923	7896	5988
924	9216	5998
925	9480	6004
926	7499	6007
927	6814	7928
928	8352	6016
929	5784	6029
930	7361	6031
931	3424	6249
932	7595	8120
933	7911	6044
934	8440	6055
935	8350	6063
936	8925	6086
937	9193	6091
938	8630	6094
939	7621	6099
940	7955	6101
941	8591	6103
942	4382	6105
943	4270	6121
944	8900	6130

REQUESTS = 1000
1	538	16	17	3	1	3
2	627	1	2	3	1	2
3	374	21	23	2	2	1
4	378	9	12	3	1	1
5	149	20	21	3	3	2
6	109	12	13	3	1	3
7	451	13	14	2	2	3
8	216	13	16	3	2	1
9	321	11	12	3	1	2
10	407	2	3	2	3	3
11	776	21	22	2	2	1
12	505	2	3	3	2	1
13	359	13	15	2	2	3
14	225	2	4	2	2	2
15	635	10	11	1	3	2
16	247	20	21	3	1	2
17	123	14	17	1	1	3
18	729	4	7	2	2	1
19	481	16	19	3	3	3
20	316	3	5	3	3	3
21	920	5	7	2	2	2
22	645	7	8	3	3	3
23	7	13	14	2	2	3
24	345	17	18	1	1	2
25	45	5	7	2	1	3
26	744	4	7	2	3	1
27	446	1	3	2	3	1
28	62	10	12	2	1	1
29	436	15	16	3	2	3
30	770	6	9	3	2	2
31	202	3	4	2	3	1
32	754	2	5	1	2	3
33	104	11	14	3	3	2
34	650	6	8	3	1	3
35	388	19	21	1	3	1
36	81	8	9	3	1	1
37	317	3	4	3	3	2
38	695	13	15	1	3	3
39	434	11	12	2	3	3
40	400	13	15	1	1	1
41	506	13	15	3	2	1
42	825	15	16	3	3	2
43	362	11	13	1	3	1
44	473	1	3	3	3	3
45	137	16	18	3	3	1
46	551	9	10	2	2	3
47	323	10	13	3	2	2
48	301	8	9	2	3	3
49	571	5	6	3	1	3
50	742	14	17	1	2	3
51	449	12	13	1	3	3
52	926	17	19	2	1	2
53	802	13	14	1	1	3
54	616	14	15	3	3	3
55	283	8	9	1	1	1
56	23	1	3	1	1	2
57	866	3	5	2	3	2
58	21	12	13	2	3	2
59	798	15	18	3	3	2
60	618	4	6	2	3	2
61	361	9	10	1	2	2
62	623	20	21	1	1	2
63	3	8	11	2	3	2
64	286	11	13	3	3	1
65	532	1	4	1	3	3
66	761	14	15	2	1	3
67	110	19	21	2	2	3
68	210	9	11	1	2	1
69	698	13	15	3	3	3
70	203	15	16	1	3	1
71	705	3	6	2	1	2
72	340	7	10	2	2	3
73	391	14	16	1	3	2
74	457	12	13	2	2	2
75	292	4	6	1	3	1
76	790	10	13	3	2	2
77	823	1	2	2	1	3
78	71	7	8	2	2	3
79	324	17	20	1	1	2
80	705	17	18	1	3	2
81	61	18	21	1	3	3
82	219	9	11	2	2	3
83	570	17	18	2	3	2
84	750	16	19	1	3	2
85	186	19	22	3	2	2
86	786	7	9	3	3	2
87	274	2	4	3	2	3
88	689	8	11	3	2	2
89	702	7	8	3	3	1
90	908	8	10	3	3	3
91	849	3	4	2	3	3
92	865	12	13	3	3	2
93	835	7	8	1	2	1
94	425	6	9	3	3	3
95	923	14	16	3	2	2
96	598	21	22	3	1	1
97	305	16	19	3	2	3
98	56	16	18	2	3	3
99	877	8	10	1	3	3
100	937	7	10	3	2	1
101	817	10	13	1	1	3
102	809	12	15	3	2	3
103	10	13	16	3	3	3
104	435	19	22	3	3	3
105	558	9	12	1	2	3
106	319	7	10	3	1	1
107	465	13	14	2	1	1
108	211	1	3	3	1	2
109	832	17	19	3	2	1
110	175	19	22	3	2	3
111	193	9	12	2	1	3
112	622	17	18	1	1	2
113	767	22	23	1	2	3
114	3	10	11	1	2	2
115	511	1	2	1	2	2
116	406	1	2	1	3	1
117	487	4	7	2	1	3
118	795	12	13	2	1	2
119	867	2	4	2	2	1
120	91	20	22	2	2	3
121	671	20	22	3	2	2
122	735	11	13	3	2	3
123	886	6	7	1	3	2
124	73	5	7	2	2	1
125	501	14	16	1	1	1
126	941	14	16	3	1	2
127	730	8	10	1	2	3
128	666	4	6	1	1	3
129	585	7	8	1	2	2
130	34	1	4	3	2	2
131	121	4	6	1	1	3
132	800	9	12	3	2	1
133	463	9	11	3	3	3
134	677	11	13	1	1	2
135	427	6	7	3	3	2
136	838	16	19	1	2	2
137	631	8	9	1	2	1
138	74	17	19	2	3	1
139	113	4	7	3	2	1
140	679	8	9	2	1	3
141	60	6	8	1	1	1
142	157	13	16	1	3	1
143	903	20	22	3	2	3
144	820	3	6	3	1	2
145	779	17	20	2	2	3
146	349	2	5	2	2	3
147	329	12	14	1	1	2
148	181	11	13	3	2	3
149	360	6	8	3	1	2
150	747	15	16	2	2	2
151	685	8	9	1	3	2
152	237	16	19	2	3	2
153	390	20	22	2	1	3
154	573	16	17	1	3	3
155	515	14	16	2	1	3
156	423	5	8	1	3	2
157	291	18	20	2	1	3
158	930	12	15	1	2	1
159	197	12	14	3	3	2
160	83	1	2	3	3	2
161	402	2	5	1	2	3
162	429	11	13	3	2	2
163	132	2	3	3	3	2
164	574	20	21	3	1	3
165	257	2	3	2	3	1
166	637	20	21	2	1	1
167	179	15	16	1	1	1
168	17	8	9	1	2	3
169	627	14	16	1	2	3
170	66	16	17	3	2	1
171	906	12	15	1	1	3
172	315	7	9	3	2	1
173	26	6	9	2	2	1
174	259	16	18	3	2	1
175	576	14	15	2	1	3
176	586	10	13	3	3	2
177	236	18	21	3	2	3
178	442	3	5	2	1	2
179	398	1	4	3	2	1
180	258	16	19	2	3	2
181	522	3	6	2	1	3
182	643	9	12	1	1	3
183	294	4	6	2	2	3
184	180	7	10	2	3	2
185	431	5	8	2	2	1
186	224	11	12	2	1	3
187	185	15	18	1	3	2
188	484	5	7	2	2	1
189	120	9	11	2	1	3
190	25	7	8	3	3	3
191	47	10	12	1	2	2
192	706	15	17	3	2	3
193	478	3	6	1	3	3
194	372	6	9	1	3	2
195	878	8	11	3	3	3
196	421	5	8	3	3	3
197	928	15	18	1	1	1
198	248	7	10	2	3	2
199	346	10	13	3	1	1
200	856	3	5	3	2	3
201	108	16	17	2	2	2
202	548	17	20	2	3	1
203	764	1	2	2	1	3
204	410	3	6	3	1	1
205	150	4	6	3	2	1
206	77	8	10	3	2	1
207	869	8	9	1	3	2
208	367	1	2	2	3	3
209	50	16	19	3	1	3
210	262	8	11	3	1	3
211	914	14	15	1	2	3
212	144	21	22	2	3	1
213	228	4	5	1	2	2
214	217	11	14	3	2	2
215	773	9	11	3	2	2
216	655	13	16	1	2	3
217	405	12	15	3	1	2
218	18	3	6	3	1	2
219	575	18	19	3	1	3
220	189	4	6	1	1	2
221	581	15	17	3	3	2
222	614	3	5	3	3	3
223	58	7	8	3	1	1
224	674	14	16	1	2	1
225	883	6	9	2	2	1
226	432	20	21	2	1	1
227	885	20	22	3	2	1
228	8	2	5	3	3	2
229	162	17	19	3	2	1
230	54	5	7	1	3	2
231	445	4	7	2	3	2
232	366	11	13	2	1	2
233	732	18	20	1	1	2
234	115	8	9	2	3	3
235	516	15	16	3	1	3
236	611	10	12	1	2	2
237	15	15	17	2	3	2
238	691	5	7	3	3	2
239	826	11	12	3	2	1
240	130	21	24	1	1	2
241	396	17	19	1	1	3
242	680	20	21	3	1	2
243	461	14	15	3	3	1
244	460	3	6	1	1	3
245	799	17	19	2	2	1
246	270	15	18	3	3	3
247	1	7	9	1	3	1
248	222	3	4	1	3	1
249	357	8	10	3	2	2
250	839	8	11	3	1	1
251	915	16	17	3	3	3
252	97	17	18	1	2	1
253	59	1	4	3	2	1
254	859	10	12	3	1	3
255	740	13	14	2	2	2
256	806	16	17	2	3	2
257	114	5	8	3	2	2
258	765	17	20	3	2	3
259	572	4	6	1	2	3
260	491	14	17	3	3	2
261	892	16	17	2	1	1
262	543	4	7	3	2	1
263	884	22	24	1	3	2
264	719	10	12	1	3	3
265	267	21	23	2	3	1
266	312	11	13	3	2	1
267	167	8	9	1	2	3
268	624	7	8	1	1	1
269	739	6	8	2	1	2
270	88	1	3	3	2	3
271	813	9	11	2	3	2
272	836	21	22	3	1	1
273	868	15	17	3	2	1
274	851	19	22	1	1	3
275	879	9	10	3	1	3
276	552	18	20	3	1	1
277	775	2	4	1	2	1
278	14	12	13	2	3	1
279	916	17	18	2	1	3
280	715	2	3	2	2	3
281	531	1	3	3	1	2
282	397	1	4	3	1	1
283	320	5	7	1	1	1
284	724	14	17	1	2	1
285	419	10	11	3	2	3
286	232	9	12	2	2	2
287	783	13	15	1	2	1
288	796	17	20	1	1	1
289	663	13	14	3	2	1
290	565	7	9	1	1	2
291	479	20	23	2	1	1
292	322	3	6	3	3	3
293	22	15	18	3	2	2
294	170	17	18	3	2	2
295	717	11	13	3	2	1
296	174	11	12	3	1	2
297	822	7	9	2	1	2
298	13	3	6	2	2	1
299	563	11	13	2	1	2
300	708	21	23	1	1	2
301	343	11	14	3	2	1
302	297	5	8	1	3	1
303	313	6	9	3	2	1
304	399	21	22	3	3	2
305	596	20	23	2	1	2
306	272	20	23	1	1	3
307	100	20	21	2	1	2
308	382	15	18	2	3	2
309	35	10	13	3	3	3
310	450	17	19	3	3	1
311	692	13	16	3	1	1
312	753	15	17	1	1	3
313	90	1	3	3	3	1
314	161	21	23	1	1	3
315	373	20	22	3	3	3
316	243	23	24	1	2	1
317	2	2	4	2	2	1
318	124	18	19	1	3	2
319	821	19	20	3	2	2
320	422	15	17	1	1	1
321	168	14	17	3	2	2
322	152	5	8	1	1	3
323	832	12	13	1	3	1
324	289	5	7	3	3	2
325	277	16	18	1	1	2
326	363	10	12	3	3	1
327	37	11	13	1	2	2
328	542	12	15	1	1	3
329	778	10	12	3	1	2
330	791	9	10	2	2	3
331	365	20	22	1	1	2
332	661	7	9	2	2	1
333	68	8	10	1	1	3
334	33	21	22	3	1	1
335	934	13	15	1	1	2
336	842	14	15	2	3	3
337	420	10	13	3	3	3
338	534	13	15	2	2	3
339	293	3	5	2	2	2
340	777	5	8	3	3	3
341	890	3	5	1	1	3
342	911	8	9	2	3	2
343	745	7	8	3	3	2
344	917	8	11	1	3	2
345	287	19	21	2	3	1
346	255	18	20	3	2	2
347	882	4	7	3	2	3
348	921	9	12	3	2	2
349	63	16	18	2	3	1
350	848	22	24	1	3	3
351	827	2	3	1	2	3
352	871	7	8	2	2	1
353	214	4	5	2	3	3
354	780	12	15	1	2	2
355	881	5	8	3	2	2
356	581	7	8	1	3	2
357	371	14	16	2	1	2
358	49	10	12	1	1	3
359	498	5	6	2	1	2
360	720	14	17	2	2	2
361	541	22	24	1	1	2
362	196	9	12	1	1	3
363	619	12	14	2	1	2
364	158	18	19	2	2	2
365	551	5	8	3	3	2
366	860	16	18	3	2	1
367	480	8	11	1	1	2
368	350	3	6	2	2	2
369	164	20	22	1	2	1
370	462	7	8	2	3	2
371	464	1	2	2	2	3
372	409	7	10	1	3	1
373	751	4	7	2	2	2
374	874	9	12	3	2	3
375	377	21	23	1	3	2
376	331	8	9	3	2	2
377	526	4	5	1	3	3
378	863	3	5	2	3	3
379	617	20	23	1	1	1
380	187	13	16	1	1	1
381	816	19	20	3	2	2
382	641	19	22	1	1	1
383	12	1	4	3	1	1
384	855	2	3	2	2	1
385	476	1	3	3	1	3
386	909	1	2	1	1	1
387	609	16	19	3	3	2
388	733	7	8	2	3	3
389	640	1	3	1	2	2
390	873	2	5	3	2	2
391	602	11	14	3	1	2
392	80	5	6	1	1	1
393	872	14	15	2	1	3
394	535	19	21	3	2	1
395	102	15	17	2	1	2
396	830	14	15	2	1	2
397	600	14	17	1	1	3
398	430	13	16	2	3	1
399	875	14	15	1	2	1
400	638	19	21	3	1	1
401	249	15	16	2	2	3
402	697	9	10	2	3	3
403	682	13	16	1	3	3
404	198	16	18	3	3	2
405	593	16	17	1	1	1
406	94	15	18	2	3	1
407	509	20	22	2	3	3
408	540	22	23	1	1	2
409	489	15	18	2	2	3
410	577	12	15	2	1	3
411	604	20	22	1	2	1
412	133	22	24	1	1	3
413	502	19	21	2	3	2
414	282	16	18	1	2	1
415	138	11	13	2	1	1
416	337	6	8	1	1	2
417	910	20	22	1	2	1
418	306	12	14	1	1	1
419	40	12	15	3	2	3
420	218	21	24	1	2	1
421	931	8	9	3	2	3
422	936	5	7	2	2	3
423	154	1	3	1	3	2
424	615	16	19	2	1	1
425	169	12	13	1	2	3
426	101	5	7	1	1	3
427	432	12	14	2	2	3
428	116	3	5	3	1	3
429	651	12	14	3	2	3
430	940	13	16	2	2	3
431	731	21	23	2	3	3
432	566	9	12	1	3	3
433	433	19	21	3	2	1
434	547	5	7	3	3	2
435	400	2	4	2	2	2
436	303	9	11	1	2	1
437	408	7	9	2	1	3
438	364	21	22	2	1	3
439	656	16	18	3	1	2
440	492	9	11	1	2	3
441	483	7	8	1	1	2
442	524	8	10	3	1	1
443	513	8	10	1	3	2
444	639	8	9	3	1	2
445	131	10	13	1	3	2
446	582	6	9	2	2	3
447	459	15	17	2	2	1
448	451	17	20	1	3	2
449	285	15	17	2	1	1
450	746	19	20	2	3	2
451	904	14	16	1	2	3
452	304	5	7	3	2	3
453	673	16	18	3	3	3
454	503	8	9	1	3	3
455	734	21	23	1	2	2
456	924	10	11	3	3	2
457	447	23	24	1	1	1
458	632	12	14	3	3	2
459	784	3	6	3	3	2
460	336	12	13	2	3	1
461	935	16	19	2	2	1
462	490	19	22	2	3	3
463	473	3	6	1	2	1
464	106	4	6	1	2	1
465	608	17	18	2	3	2
466	546	12	15	2	2	3
467	279	3	6	1	2	3
468	51	16	19	1	1	3
469	266	16	19	2	3	1
470	140	11	12	2	2	3
471	512	16	18	2	3	1
472	384	4	7	1	2	3
473	296	13	14	3	3	2
474	514	10	11	1	2	1
475	497	14	16	2	1	2
476	263	18	21	3	3	3
477	265	16	19	1	3	2
478	837	12	14	1	3	2
479	659	1	2	2	2	1
480	880	14	17	3	2	1
481	383	6	8	3	3	1
482	618	7	8	3	2	2
483	190	15	18	3	2	3
484	356	7	10	3	3	1
485	662	6	7	1	1	2
486	629	8	10	2	3	2
487	466	9	10	3	2	3
488	385	11	14	3	1	2
489	11	13	16	3	2	1
490	752	19	21	2	1	2
491	714	2	5	1	3	2
492	769	16	17	3	3	1
493	353	18	19	3	3	2
494	703	3	4	1	2	3
495	584	1	3	3	2	3
496	929	10	12	3	2	2
497	844	19	22	2	2	1
498	902	12	14	2	2	3
499	925	20	22	1	1	1
500	854	15	18	1	1	3
501	857	12	15	1	2	1
502	494	18	21	2	1	2
503	792	14	17	2	1	2
504	594	6	8	1	3	2
505	145	8	9	1	3	3
506	888	13	15	2	2	3
507	330	1	4	3	1	2
508	242	18	19	2	2	1
509	213	2	5	3	1	3
510	389	7	9	3	2	3
511	914	20	21	1	3	3
512	583	5	8	1	2	3
513	728	12	13	2	1	3
514	660	13	14	3	2	1
515	805	9	11	1	3	1
516	845	3	5	3	1	3
517	894	4	7	2	3	3
518	239	14	17	2	2	2
519	252	2	5	1	1	3
520	139	17	20	3	1	2
521	944	16	17	1	3	2
522	151	15	17	1	3	3
523	212	10	13	2	1	3
524	38	1	4	1	3	2
525	737	10	13	1	1	1
526	393	8	11	1	3	3
527	128	10	11	3	3	3
528	718	3	6	2	3	1
529	56	21	22	3	2	2
530	533	17	18	1	1	3
531	580	1	2	3	1	1
532	694	4	6	1	1	1
533	6	12	13	3	3	2
534	251	16	18	3	3	2
535	876	21	22	3	1	2
536	756	17	18	1	3	2
537	134	6	8	2	3	2
538	76	2	4	1	1	1
539	942	9	11	3	2	1
540	452	14	15	3	3	1
541	182	18	21	3	2	1
542	156	8	10	3	1	1
543	605	17	20	1	3	3
544	41	5	7	2	2	1
545	307	9	11	3	3	2
546	314	5	8	3	3	1
547	681	19	21	3	3	2
548	721	20	22	3	1	1
549	333	7	10	3	1	3
550	791	9	10	2	3	3
551	147	15	17	3	1	1
552	567	10	13	1	1	2
553	441	10	11	1	1	1
554	933	18	19	1	2	2
555	488	6	9	1	1	1
556	582	11	12	3	3	1
557	342	5	7	2	3	1
558	250	13	15	2	2	2
559	201	4	5	1	2	1
560	376	18	20	1	3	1
561	199	10	13	2	1	2
562	610	4	5	3	1	1
563	437	20	21	2	2	2
564	278	10	13	1	1	2
565	824	20	21	1	2	3
566	635	7	8	1	3	2
567	495	7	8	2	3	2
568	78	12	15	2	1	3
569	812	21	23	2	3	1
570	669	17	20	1	1	1
571	831	14	16	2	3	3
572	99	5	7	1	1	1
573	172	11	13	1	2	3
574	72	18	19	2	2	1
575	29	15	16	3	1	1
576	125	1	3	1	3	3
577	561	18	20	2	1	3
578	403	16	18	2	2	2
579	5	9	11	3	3	2
580	807	17	19	3	2	2
581	640	9	12	2	3	1
582	52	4	7	1	3	3
583	4	11	13	3	2	2
584	707	14	16	3	1	1
585	782	2	4	3	1	2
586	416	6	7	3	1	1
587	815	7	9	1	2	2
588	718	20	21	1	3	2
589	458	11	12	2	1	1
590	20	18	19	3	3	3
591	318	15	16	2	2	1
592	847	9	12	2	3	1
593	690	4	7	3	3	1
594	771	14	17	3	1	3
595	205	3	4	2	3	3
596	406	15	17	1	2	3
597	334	7	8	1	2	1
598	829	18	21	2	3	1
599	811	20	21	3	2	2
600	351	13	16	3	3	1
601	118	19	21	2	1	1
602	599	19	21	3	2	1
603	642	18	19	2	1	3
604	858	6	7	2	1	1
605	166	17	18	2	3	2
606	766	21	23	1	3	1
607	709	8	11	3	3	2
608	85	7	9	3	3	1
609	215	19	21	1	1	2
610	229	18	20	3	3	1
611	482	9	12	1	1	1
612	387	7	9	3	2	2
613	43	2	5	2	1	1
614	135	4	7	1	3	1
615	231	18	20	2	1	1
616	428	4	7	2	3	2
617	240	12	15	1	1	3
618	539	15	18	3	3	1
619	834	21	22	2	3	1
620	527	17	19	1	1	1
621	595	16	19	2	2	3
622	520	17	19	3	1	2
623	48	13	14	3	2	3
624	233	1	4	3	1	2
625	275	20	22	2	3	1
626	107	5	8	1	1	3
627	766	11	13	2	2	2
628	559	22	24	1	2	1
629	592	6	9	1	1	2
630	927	2	5	2	3	3
631	897	2	5	1	2	3
632	126	14	17	3	3	3
633	454	20	23	2	3	2
634	900	20	23	1	1	2
635	194	3	5	1	1	2
636	226	16	18	3	1	3
637	412	6	7	3	1	3
638	521	4	7	2	3	1
639	475	13	15	2	3	2
640	557	2	3	3	3	1
641	24	19	21	1	1	3
642	693	9	11	1	3	2
643	136	13	15	1	2	1
644	686	8	11	1	2	1
645	625	9	12	3	2	1
646	723	14	17	3	2	3
647	753	16	18	2	2	2
648	562	4	7	2	2	1
649	148	3	6	3	2	2
650	369	15	18	3	1	1
651	794	5	6	3	3	2
652	654	14	15	1	1	3
653	411	11	14	1	1	2
654	122	2	4	3	1	1
655	191	16	18	3	1	1
656	111	9	12	2	2	3
657	896	7	9	3	1	2
658	545	15	18	1	2	3
659	636	14	17	2	1	2
660	92	14	17	2	2	2
661	628	6	7	1	1	1
662	31	15	18	1	3	1
663	75	19	21	1	2	2
664	684	9	11	1	2	3
665	741	14	17	3	3	1
666	49	14	15	3	1	1
667	269	13	15	3	1	3
668	504	15	17	3	2	3
669	853	17	18	2	1	1
670	568	9	12	1	2	1
671	207	4	6	3	3	3
672	474	18	20	3	1	3
673	159	17	18	3	2	2
674	688	5	6	2	1	3
675	70	16	18	2	1	3
676	200	19	21	2	1	3
677	710	18	20	2	3	3
678	943	20	23	2	3	2
679	644	4	7	3	3	1
680	86	6	8	2	2	3
681	630	15	18	1	1	3
682	119	12	15	3	2	2
683	30	16	19	3	2	2
684	850	13	16	1	2	1
685	19	7	9	2	3	2
686	46	1	4	1	2	2
687	486	12	14	3	2	1
688	157	17	19	2	1	1
689	220	13	15	1	1	1
690	887	9	12	2	1	3
691	472	7	8	1	3	3
692	564	13	16	2	3	1
693	870	11	13	3	2	2
694	183	16	19	3	2	3
695	620	18	21	3	3	3
696	384	18	20	2	3	3
697	341	20	21	1	2	1
698	768	3	6	1	2	2
699	299	13	15	2	2	2
700	204	11	12	2	3	3
701	711	3	6	3	2	2
702	235	18	21	3	2	3
703	253	2	5	2	3	2
704	36	4	5	2	1	3
705	184	4	5	2	3	1
706	344	1	3	3	2	3
707	761	5	6	2	1	3
708	649	1	3	2	2	3
709	523	6	8	3	2	1
710	95	4	7	3	1	2
711	223	14	17	2	1	3
712	53	10	13	2	2	2
713	469	10	13	3	3	1
714	736	1	4	3	2	1
715	713	12	14	1	1	1
716	163	7	10	2	1	3
717	142	12	13	1	1	1
718	518	20	22	1	3	2
719	668	13	15	3	3	3
720	762	11	13	1	2	1
721	664	1	4	1	1	3
722	354	6	8	2	2	1
723	641	10	11	2	3	2
724	146	6	8	2	2	3
725	443	9	10	3	1	3
726	529	10	13	1	3	3
727	695	1	3	3	1	2
728	653	7	10	2	1	2
729	556	9	12	1	3	2
730	939	15	16	3	2	3
731	84	8	9	1	2	1
732	171	12	13	1	3	1
733	852	6	9	2	1	1
734	891	14	17	3	1	1
735	900	20	22	1	2	2
736	763	12	14	2	3	1
737	67	19	22	3	3	2
738	280	22	23	1	3	3
739	864	6	9	2	1	2
740	238	23	24	1	2	1
741	893	19	21	3	3	2
742	309	6	9	2	2	1
743	683	21	23	1	2	2
744	467	1	4	2	1	3
745	760	5	6	3	3	2
746	743	12	14	1	1	2
747	117	12	15	2	3	1
748	938	12	15	1	3	1
749	413	4	6	2	3	2
750	726	21	24	1	2	1
751	502	18	21	1	2	2
752	862	17	18	1	3	2
753	271	6	9	3	3	2
754	28	1	4	2	3	1
755	601	12	13	1	1	3
756	597	11	14	3	3	1
757	553	8	10	2	3	3
758	256	8	10	2	2	1
759	601	19	21	1	3	1
760	471	20	22	2	1	3
761	230	3	6	1	2	1
762	843	14	17	1	1	2
763	919	19	20	3	2	2
764	352	13	16	3	2	1
765	241	20	23	2	1	2
766	39	13	15	3	3	3
767	414	16	19	3	2	3
768	370	17	19	1	2	3
769	380	6	9	1	3	2
770	774	13	16	1	2	2
771	579	12	14	3	3	3
772	725	18	21	1	1	1
773	290	8	9	2	1	1
774	177	20	21	3	1	1
775	591	12	14	2	2	2
776	493	22	23	2	1	3
777	234	6	8	3	2	1
778	652	6	7	2	3	3
779	687	1	4	3	1	1
780	696	19	22	1	3	1
781	348	15	18	2	1	3
782	759	5	7	2	3	2
783	358	9	10	3	2	1
784	919	6	7	2	2	2
785	499	15	17	1	2	3
786	700	8	10	1	3	3
787	379	13	15	3	1	3
788	264	1	2	1	1	2
789	42	4	7	2	3	1
790	404	1	3	2	3	1
791	298	14	16	1	3	1
792	537	8	11	1	1	3
793	646	8	10	1	3	3
794	32	3	5	3	3	2
795	912	7	9	2	1	3
796	227	6	9	3	2	2
797	453	20	21	1	2	2
798	712	2	3	1	2	3
799	828	8	10	1	3	3
800	246	10	12	2	1	3
801	658	15	18	3	1	3
802	519	7	10	2	2	3
803	195	11	14	1	1	2
804	27	18	21	3	2	2
805	245	8	11	1	2	2
806	394	20	21	3	2	3
807	221	17	18	2	1	3
808	810	19	22	2	1	2
809	112	8	10	3	1	1
810	93	3	5	2	1	1
811	787	7	8	1	2	1
812	16	19	20	2	2	2
813	590	5	7	2	1	3
814	507	13	15	2	3	2
815	55	15	16	1	1	2
816	797	19	20	2	1	3
817	569	15	18	3	2	3
818	468	6	8	1	2	2
819	833	11	13	1	1	1
820	647	2	4	1	3	2
821	308	15	18	3	3	2
822	678	3	5	1	3	2
823	288	18	19	1	1	1
824	788	10	13	3	1	1
825	105	11	12	3	3	3
826	895	14	17	2	3	3
827	129	9	11	3	2	3
828	760	19	22	3	3	3
829	79	21	22	1	2	1
830	143	1	3	2	1	1
831	738	12	13	1	1	2
832	727	1	4	2	1	3
833	103	8	10	1	1	1
834	589	17	19	2	3	1
835	626	10	13	1	1	2
836	781	19	21	2	3	1
837	588	2	4	1	2	2
838	335	14	17	1	1	2
839	846	14	16	3	1	2
840	606	5	6	1	1	3
841	160	3	5	2	3	1
842	310	18	19	2	2	3
843	155	17	18	3	1	2
844	214	2	4	3	1	3
845	603	13	14	1	3	1
846	700	13	15	1	2	3
847	901	12	13	1	1	3
848	755	11	14	2	3	3
849	82	18	21	3	2	3
850	173	19	22	3	3	3
851	395	3	6	3	2	1
852	176	13	14	1	3	1
853	607	11	13	3	3	2
854	633	8	10	3	3	3
855	861	3	5	1	2	2
856	716	18	20	2	1	3
857	332	5	8	2	3	2
858	165	7	8	1	2	2
859	510	4	5	1	2	3
860	793	12	15	2	3	1
861	704	11	13	2	1	2
862	804	13	15	2	2	3
863	338	7	10	2	1	2
864	708	3	4	1	1	2
865	670	4	6	1	2	3
866	699	1	3	3	1	1
867	544	18	20	3	2	2
868	595	11	12	3	2	1
869	392	9	12	3	1	2
870	578	1	2	2	1	1
871	209	14	17	3	1	2
872	328	5	8	2	2	3
873	470	14	17	2	3	2
874	801	21	22	2	3	2
875	758	4	5	1	2	3
876	127	11	12	3	1	1
877	819	9	10	1	3	2
878	657	7	9	1	3	2
879	814	15	17	3	2	2
880	621	15	18	2	2	3
881	208	12	15	2	1	1
882	840	10	12	2	1	2
883	347	7	8	3	2	3
884	907	1	3	3	3	3
885	417	3	5	1	2	2
886	300	5	6	3	3	1
887	281	6	9	3	3	1
888	648	14	16	1	3	1
889	99	11	13	1	2	2
890	65	5	7	2	1	3
891	355	12	14	3	2	3
892	401	15	17	1	1	1
893	64	3	6	2	1	2
894	426	9	12	3	2	2
895	261	19	20	1	2	2
896	276	23	24	1	2	2
897	368	9	11	2	3	2
898	889	4	7	2	3	2
899	440	15	16	1	1	1
900	153	20	21	2	3	1
901	89	14	17	1	2	3
902	302	8	11	1	1	1
903	500	19	22	2	1	3
904	528	3	5	3	2	1
905	536	6	9	2	3	1
906	508	3	6	2	3	2
907	560	18	20	3	2	3
908	377	13	15	1	1	3
909	415	5	6	1	3	3
910	206	17	20	3	1	3
911	839	11	12	3	3	2
912	905	16	17	3	2	1
913	708	19	21	3	3	3
914	898	14	15	3	3	3
915	327	15	18	2	1	1
916	517	1	3	2	1	2
917	69	3	6	3	2	2
918	932	3	5	2	2	1
919	789	13	14	1	3	3
920	418	9	12	2	3	3
921	841	18	20	3	3	1
922	295	18	21	3	2	3
923	118	15	18	1	3	1
924	269	6	9	3	1	1
925	9	21	23	1	3	2
926	748	8	9	3	3	1
927	178	3	5	2	1	2
928	785	17	20	1	3	2
929	535	15	18	1	1	1
930	98	1	4	2	2	3
931	222	6	8	2	2	2
932	188	1	3	2	2	3
933	587	3	5	2	3	3
934	131	20	22	1	2	2
935	424	14	15	2	1	2
936	808	4	5	2	3	2
937	44	4	5	2	2	1
938	436	16	17	3	1	1
939	244	3	5	2	1	3
940	439	12	14	3	1	3
941	613	17	20	3	2	1
942	612	6	9	1	2	2
943	260	16	19	3	1	3
944	339	17	18	3	2	3
945	284	18	19	1	1	3
946	530	12	14	1	3	3
947	485	11	14	3	1	2
948	922	1	2	3	2	2
949	722	11	12	2	3	1
950	325	17	20	3	3	2
951	273	4	7	1	3	1
952	525	11	12	3	2	1
953	459	15	18	2	3	2
954	326	1	3	2	1	3
955	455	4	6	2	1	1
956	913	17	18	2	1	2
957	456	20	23	2	3	1
958	477	21	22	1	1	2
959	448	4	5	1	1	1
960	727	5	6	2	3	3
961	496	10	12	2	1	1
962	311	21	23	2	3	3
963	701	20	23	2	1	3
964	918	3	4	3	2	1
965	96	7	9	2	2	1
966	141	17	20	1	2	1
967	772	7	8	2	1	3
968	444	2	4	2	3	1
969	665	7	9	1	2	3
970	676	5	8	3	3	3
971	375	9	11	2	3	3
972	803	5	6	2	2	2
973	192	20	21	2	3	3
974	750	20	22	3	2	2
975	555	21	23	2	2	2
976	550	19	20	2	1	3
977	634	1	3	3	2	2
978	250	22	24	1	2	1
979	675	16	18	3	2	3
980	700	3	6	2	1	2
981	57	15	17	2	2	2
982	254	8	10	2	1	2
983	631	1	2	2	2	3
984	381	13	16	2	1	3
985	138	14	17	3	3	2
986	268	20	21	3	2	2
987	672	18	20	2	3	2
988	757	14	16	3	2	3
989	899	8	10	2	3	3
990	549	7	9	2	1	3
991	386	15	17	2	1	2
992	749	6	9	3	3	1
993	908	14	15	2	3	1
994	667	6	9	3	3	3
995	818	19	22	1	2	2
996	554	2	4	1	1	1
997	438	8	11	3	2	2
998	786	15	16	1	2	2
999	123	2	5	2	1	2
1000	87	14	15	3	1	3

