DATASET = All time best instance set VeRoLog competition
NAME = vehicles over tools over vehicle days over distance with 100 requests over 5 days

DAYS = 5
CAPACITY = 40
MAX_TRIP_DISTANCE = 20000
DEPOT_COORDINATE = 0

VEHICLE_COST = 20000000
VEHICLE_DAY_COST = 2000
DISTANCE_COST = 1

TOOLS = 4
1	6	36	500000
2	9	48	100000
3	3	46	100000
4	3	36	100000

COORDINATES = 101
0	7688	8161
1	8496	6350
2	3490	6356
3	6918	6441
4	7450	6568
5	7229	6662
6	8742	7094
7	3518	7158
8	8539	7256
9	7102	7391
10	7635	7466
11	5984	8261
12	7864	7676
13	5813	7873
14	3674	7911
15	6875	7921
16	6117	7957
17	8401	4435
18	7728	8064
19	9375	8084
20	5896	8147
21	6920	8157
22	7701	8163
23	6962	8296
24	6868	8436
25	8864	8461
26	7581	8498
27	8528	8566
28	6454	8626
29	7489	8628
30	8092	4546
31	4127	3215
32	5914	8715
33	5437	8754
34	6195	8762
35	4972	4574
36	6688	8878
37	7751	9013
38	7955	9014
39	6072	9107
40	7501	9205
41	6310	9217
42	7326	9246
43	9051	9362
44	8593	9433
45	7171	9503
46	8632	9780
47	7323	8781
48	5069	2796
49	5293	3037
50	3538	5088
51	6584	313
52	7015	397
53	6592	469
54	9093	5274
55	3519	4164
56	7244	5309
57	6461	3350
58	0	1922
59	5375	1970
60	5701	2084
61	849	2157
62	5810	2620
63	4051	2888
64	633	2890
65	6186	2901
66	5891	2966
67	2976	2971
68	5322	3039
69	3207	3042
70	6584	3125
71	6302	3194
72	6560	3246
73	5169	3339
74	4079	3340
75	5788	3440
76	4308	3617
77	6734	3979
78	4480	4104
79	5903	4127
80	3713	4876
81	3466	4189
82	5347	7828
83	3386	4492
84	3710	4737
85	8006	4882
86	9100	5109
87	4224	5120
88	3882	5125
89	8859	5219
90	5178	5255
91	8835	5256
92	8683	5354
93	7515	8012
94	5820	5416
95	7330	5436
96	5194	5503
97	7611	5623
98	9151	5896
99	9343	5905
100	4148	6043

REQUESTS = 100
1	14	1	2	1	3	3
2	29	1	4	1	2	3
3	77	2	3	2	2	1
4	70	1	2	3	4	2
5	90	1	2	3	4	1
6	17	1	4	1	2	2
7	79	1	4	1	1	1
8	32	2	4	1	3	3
9	94	2	4	1	2	3
10	68	1	3	1	3	1
11	81	1	2	3	1	2
12	55	3	4	1	1	1
13	72	1	4	1	2	3
14	67	2	4	1	3	2
15	61	1	4	1	3	3
16	26	2	4	1	4	1
17	82	1	2	3	4	2
18	49	3	4	1	2	3
19	10	1	2	2	4	3
20	73	1	3	2	1	3
21	96	1	3	2	2	2
22	57	2	3	2	3	3
23	13	2	3	2	2	3
24	80	2	3	1	1	2
25	48	1	3	2	4	1
26	58	2	4	1	4	2
27	30	1	3	2	4	3
28	21	1	2	3	3	1
29	98	1	4	1	3	2
30	4	1	3	2	2	3
31	50	1	4	1	1	3
32	69	1	2	3	2	3
33	3	1	2	3	2	1
34	46	1	2	3	4	1
35	53	1	2	3	3	3
36	85	1	3	1	3	1
37	100	1	2	3	2	3
38	44	1	3	2	1	1
39	75	1	3	2	2	1
40	28	1	2	3	4	2
41	6	1	2	2	3	3
42	95	1	3	2	1	2
43	56	1	2	3	4	2
44	41	2	4	1	1	1
45	91	1	3	2	4	1
46	8	1	2	2	3	1
47	89	1	2	2	3	3
48	40	1	4	1	1	1
49	63	1	3	2	1	3
50	83	1	3	1	4	1
51	24	1	4	1	1	2
52	45	2	4	1	2	1
53	99	1	2	2	2	2
54	71	1	3	2	3	1
55	9	1	2	3	1	2
56	54	1	3	2	1	1
57	2	1	2	2	3	1
58	84	1	2	3	4	2
59	5	1	2	1	3	2
60	64	1	2	3	2	1
61	42	2	4	1	2	1
62	23	1	2	1	4	2
63	59	1	2	2	3	3
64	34	1	4	1	1	2
65	37	2	4	1	1	3
66	47	1	3	1	3	2
67	12	1	2	3	2	2
68	35	2	4	1	2	3
69	78	1	2	3	3	2
70	22	1	2	3	1	2
71	97	1	2	3	4	3
72	66	1	3	2	3	3
73	39	1	4	1	2	2
74	51	1	3	2	3	2
75	43	1	2	3	1	1
76	31	2	3	2	2	3
77	36	1	3	2	2	3
78	18	1	2	3	2	3
79	20	2	3	2	4	1
80	76	1	4	1	1	1
81	15	1	3	2	2	1
82	86	1	2	3	3	1
83	52	1	2	3	2	2
84	7	1	4	1	4	3
85	16	1	2	2	3	1
86	38	1	3	1	4	1
87	25	1	2	3	3	3
88	93	1	2	3	2	2
89	92	1	2	3	1	2
90	88	1	3	2	3	1
91	74	2	3	1	3	1
92	11	2	3	1	1	2
93	19	1	2	3	4	3
94	60	1	3	2	4	3
95	87	1	2	3	1	3
96	27	1	2	3	3	2
97	65	1	2	3	3	2
98	1	1	4	1	3	2
99	33	1	3	2	2	3
100	62	2	3	2	1	3

