DATASET = All time best instance set VeRoLog competition
NAME = tools over distance over vehicle days over vehicles with 1000 requests over 25 days

DAYS = 25
CAPACITY = 50
MAX_TRIP_DISTANCE = 16000
DEPOT_COORDINATE = 0

VEHICLE_COST = 1
VEHICLE_DAY_COST = 2000
DISTANCE_COST = 100000

TOOLS = 3
1	3	124	30000000
2	9	102	30000000
3	3	114	40000000

COORDINATES = 952
0	3976	3992
1	9492	6138
2	7904	6140
3	6617	7532
4	9133	6146
5	5701	6147
6	9397	6149
7	8836	6150
8	8025	6165
9	9134	6173
10	4275	6176
11	8736	6181
12	7086	6195
13	6168	8008
14	7988	6210
15	3615	6225
16	8856	6228
17	7543	6232
18	6264	6241
19	4227	6290
20	8183	6309
21	8263	6321
22	6700	6347
23	8000	6168
24	4434	4169
25	3605	6175
26	6329	6398
27	7854	6406
28	6698	6406
29	3848	6424
30	7816	6432
31	7458	6469
32	8286	6473
33	6142	6480
34	6013	6496
35	7089	6193
36	8445	6519
37	7909	6520
38	7676	6527
39	4353	6540
40	7024	8205
41	3837	6556
42	7806	6557
43	8262	6560
44	7423	6562
45	7824	6573
46	7461	6589
47	7548	6593
48	8369	6623
49	3341	6625
50	4415	4211
51	3667	6639
52	7229	6662
53	8321	6666
54	8803	6673
55	7699	6674
56	7282	6675
57	7863	6686
58	4072	6690
59	8751	6708
60	7989	6725
61	6909	6733
62	8504	6736
63	8701	6741
64	8625	6763
65	4180	6765
66	3979	6765
67	8303	6792
68	3708	4752
69	7125	6814
70	4218	6830
71	3492	6847
72	8062	6851
73	4663	6866
74	3399	6879
75	3885	6890
76	4033	6892
77	8043	6900
78	7820	6916
79	8443	6917
80	9628	6918
81	8681	6921
82	3939	6969
83	4064	6977
84	8204	4268
85	9177	6997
86	4107	7023
87	4309	7025
88	4290	7026
89	3541	7028
90	8764	7077
91	8919	7079
92	3680	7083
93	7981	7095
94	7938	7101
95	7738	7111
96	7706	7115
97	8138	7124
98	3697	7126
99	4299	7138
100	4086	7143
101	7680	7146
102	7292	7163
103	7562	7181
104	7493	7196
105	4433	7225
106	4097	7228
107	8016	7231
108	6839	7232
109	4219	7248
110	7367	7268
111	4042	7271
112	7416	7294
113	7522	7297
114	8210	7299
115	6719	7299
116	3945	7304
117	7170	7971
118	6909	7317
119	8018	7325
120	7060	7337
121	8264	4329
122	7311	4371
123	7160	8774
124	7742	7378
125	8268	7391
126	8960	7392
127	7293	7394
128	7643	7400
129	7228	7400
130	9015	7445
131	6565	7461
132	7743	7468
133	8365	7480
134	7095	7489
135	6941	7490
136	9533	7527
137	6547	7528
138	6030	7537
139	3542	7541
140	6766	7557
141	6677	7563
142	9299	7563
143	5696	7980
144	6314	7571
145	8449	7583
146	7763	7592
147	7680	7599
148	6389	7609
149	3908	7618
150	7716	7647
151	5651	7651
152	8924	7675
153	7570	7679
154	5733	7684
155	6430	7690
156	9458	7697
157	7322	7707
158	6622	7714
159	8738	7716
160	5816	7731
161	8167	7755
162	6432	7771
163	8364	7777
164	6625	7797
165	8277	7806
166	8580	7809
167	5545	7829
168	8825	7834
169	6859	7860
170	7351	7870
171	5448	7874
172	7047	7876
173	5359	7895
174	6480	7902
175	6800	7923
176	8071	7937
177	7322	7937
178	6454	7942
179	5399	7944
180	4263	5591
181	7372	7970
182	6127	7977
183	6271	7981
184	7949	7995
185	7005	8004
186	8549	8004
187	5795	8011
188	7829	8448
189	5399	8015
190	9453	8026
191	7878	8047
192	7517	8051
193	7366	8065
194	9339	8072
195	7667	8088
196	3987	3995
197	6911	8098
198	7999	8108
199	5469	8117
200	4690	3596
201	7581	8143
202	5850	8149
203	6943	8149
204	5704	6470
205	7701	8163
206	6168	8169
207	6427	8176
208	6558	8177
209	4093	4469
210	8492	8184
211	5908	8186
212	9048	8192
213	7301	8204
214	8442	4475
215	7359	8217
216	9379	6000
217	6842	8246
218	5538	8253
219	9248	8267
220	5361	8302
221	8743	8497
222	7930	8405
223	5788	8324
224	3097	2492
225	7694	8344
226	8782	8379
227	5612	8399
228	6552	8401
229	6636	8401
230	7756	8405
231	8841	8408
232	8060	8410
233	7302	8419
234	6551	8421
235	6089	8455
236	5585	8467
237	7396	8471
238	7664	8496
239	5873	8508
240	4681	2523
241	6834	8524
242	7147	8526
243	5796	4530
244	5669	8565
245	7761	8578
246	5809	8591
247	6593	8600
248	6934	8609
249	7654	8610
250	3388	6546
251	7525	8623
252	9828	8623
253	8942	8631
254	3933	6549
255	7401	8642
256	8092	4546
257	6305	8653
258	9086	6015
259	8624	8666
260	7876	8667
261	5841	8682
262	5331	4554
263	9861	8690
264	8492	6557
265	7680	8702
266	6378	8739
267	6433	8755
268	5992	2562
269	6494	8764
270	4097	4567
271	5441	8773
272	6814	8778
273	6924	8785
274	8074	8793
275	7381	8794
276	7723	8802
277	5657	8804
278	7304	8580
279	7305	6577
280	8566	8814
281	7338	8838
282	6045	8847
283	7739	8872
284	8383	4585
285	5825	2584
286	7080	8895
287	8480	8903
288	7069	8905
289	4584	4022
290	7706	8929
291	6720	8932
292	5816	9002
293	6666	9042
294	7744	8619
295	7837	9046
296	7884	4616
297	7837	9070
298	7360	9085
299	7746	9085
300	6827	9099
301	6358	9104
302	6924	9106
303	8192	9232
304	9573	9115
305	9526	9117
306	7590	9146
307	6326	9161
308	8561	4633
309	7318	9176
310	5856	9182
311	7501	9205
312	9466	9205
313	6904	9206
314	9270	9211
315	6685	9223
316	8625	9230
317	7601	9232
318	5700	8653
319	7326	9246
320	7212	9250
321	7176	9253
322	7909	9254
323	6830	9260
324	3816	6656
325	6348	9281
326	9272	9298
327	8814	9312
328	8745	9320
329	6690	9322
330	6725	9329
331	6389	9338
332	9288	9346
333	9051	9362
334	9347	9362
335	6655	9373
336	6630	9379
337	8326	9384
338	8000	9394
339	8226	9403
340	6207	9409
341	9175	9438
342	8580	9450
343	7808	9466
344	7951	9506
345	6778	9519
346	9087	9523
347	7001	9525
348	7264	9553
349	8997	9575
350	6872	9595
351	8520	9654
352	8632	9780
353	6391	9876
354	9083	5657
355	8912	7259
356	7802	6058
357	2567	2779
358	7429	4790
359	4218	4596
360	3720	4809
361	6962	8830
362	7636	7270
363	7658	8073
364	6785	7679
365	6577	8874
366	1879	2873
367	5678	4886
368	6503	2902
369	8840	4907
370	8837	4887
371	8064	4916
372	8791	6681
373	9760	8091
374	6179	2937
375	2977	4944
376	7935	6950
377	7246	4951
378	5910	2950
379	6405	6961
380	4320	6966
381	7385	6971
382	8374	6099
383	7154	6980
384	5805	2980
385	4205	7002
386	8453	7003
387	3977	7010
388	7724	6506
389	8604	7015
390	7860	5017
391	8019	5308
392	8929	6109
393	3845	5024
394	8102	9316
395	3885	4115
396	7119	5967
397	6688	3066
398	8321	9323
399	2848	3091
400	4528	7106
401	6632	21
402	6395	66
403	7711	5120
404	8081	9128
405	6536	79
406	4282	6546
407	4476	7126
408	7599	5125
409	3165	5133
410	4279	3150
411	7187	5168
412	6755	358
413	8897	8542
414	6208	447
415	6769	3183
416	6592	469
417	9225	7192
418	4867	3186
419	6336	483
420	7515	7199
421	7777	9207
422	4199	5205
423	6154	8548
424	8891	5215
425	3687	7222
426	6560	718
427	7400	5229
428	8373	9238
429	6680	738
430	6732	770
431	4144	7248
432	6679	6955
433	6287	888
434	6429	911
435	7410	5265
436	8778	7271
437	8268	5273
438	8740	5895
439	4682	3360
440	6785	1074
441	3374	4162
442	7021	7298
443	3462	7300
444	6626	1125
445	4619	6966
446	6380	1148
447	7161	5350
448	7877	4574
449	3679	5352
450	6800	1462
451	6282	1592
452	6971	1606
453	8815	4981
454	5938	1668
455	8124	6183
456	5661	3402
457	6841	1813
458	7127	1854
459	1614	1886
460	4951	1899
461	6911	1910
462	1504	1918
463	0	1922
464	5718	1925
465	6511	1935
466	6401	1936
467	3634	4243
468	7229	1979
469	8443	9455
470	5497	2058
471	7687	5456
472	5522	2085
473	26	2121
474	6297	2134
475	6896	2137
476	6286	2152
477	8328	7471
478	6482	2161
479	3303	3471
480	7531	4599
481	6024	2211
482	6068	2220
483	4850	2222
484	5194	2239
485	6426	2248
486	5015	2277
487	1573	2309
488	5113	2317
489	6251	2318
490	4879	2356
491	4879	2379
492	3723	7515
493	7542	5511
494	7012	2437
495	4921	2454
496	4847	2470
497	4988	2491
498	6277	2503
499	4109	2504
500	6072	3523
501	5982	2528
502	5950	2538
503	3932	2542
504	3037	2551
505	8117	7537
506	3869	2553
507	4968	2559
508	5973	2565
509	3244	2577
510	3995	2608
511	4244	2630
512	4592	2632
513	3267	2640
514	3247	2649
515	4863	2665
516	6942	2673
517	2943	2677
518	4557	2678
519	6756	2680
520	6208	2695
521	3932	2752
522	7205	2754
523	5684	2757
524	8879	5569
525	5484	3567
526	6353	2772
527	4236	2775
528	5069	2778
529	4804	2778
530	1561	2787
531	4137	2790
532	5859	2801
533	5273	2805
534	3543	2812
535	4899	2816
536	4073	2832
537	4673	2836
538	6632	2846
539	5757	2847
540	5831	2850
541	5008	2870
542	744	2875
543	6556	2875
544	3219	2892
545	4173	2899
546	4005	2911
547	2616	2916
548	6010	2939
549	5858	2979
550	6503	2983
551	5993	2987
552	5221	2994
553	1705	2999
554	3004	2999
555	9754	8228
556	5355	3025
557	5560	3033
558	5474	3040
559	6378	3051
560	6611	3055
561	3868	3056
562	6455	3060
563	4753	3061
564	5981	3064
565	4097	3065
566	5940	3079
567	2200	3082
568	6077	3082
569	4150	3086
570	4019	3097
571	6360	3106
572	4093	3113
573	2524	3117
574	5979	3117
575	5823	3118
576	5527	3127
577	3159	3131
578	8119	7636
579	6487	3149
580	4652	3160
581	4781	3163
582	6766	3185
583	4184	3190
584	6166	3218
585	4067	3242
586	4909	3247
587	3482	3252
588	5259	3260
589	6554	3261
590	6003	3266
591	4037	3276
592	2793	3295
593	4918	3299
594	4762	3305
595	3699	3308
596	6387	3337
597	2456	3346
598	1605	3347
599	2921	3351
600	5297	3351
601	5430	3355
602	4068	3364
603	4554	3366
604	7283	5670
605	8749	7440
606	7832	5673
607	6228	3397
608	6284	7679
609	5437	3405
610	5638	3420
611	6679	3430
612	5576	3432
613	6509	3459
614	6514	3480
615	5656	3483
616	4172	3507
617	1247	3529
618	6187	3538
619	4483	3542
620	4754	3589
621	6853	5708
622	5299	4472
623	4308	3617
624	4304	3621
625	6061	3629
626	5224	3633
627	6696	3657
628	7129	5512
629	5529	3671
630	4863	3695
631	2363	3735
632	4718	3751
633	5500	7741
634	4802	3781
635	4934	3786
636	6685	5740
637	1799	3791
638	4609	3804
639	5792	3741
640	4997	3839
641	5344	3846
642	4530	3848
643	5103	3865
644	4069	3867
645	4306	3908
646	4433	3928
647	3752	3975
648	5036	3977
649	6766	3979
650	4816	3980
651	3830	4002
652	2232	4006
653	4118	4007
654	5961	4009
655	6743	4014
656	7294	4016
657	4032	4017
658	3831	4027
659	1906	4033
660	4671	4036
661	4110	4049
662	3768	4056
663	3970	4064
664	5727	4070
665	3649	4083
666	1899	4124
667	4107	4133
668	8347	4141
669	8309	4164
670	3799	4169
671	3633	4180
672	3209	4183
673	7912	4186
674	3520	4190
675	4205	4241
676	3809	4241
677	3481	4242
678	4480	4243
679	8068	4242
680	5561	4244
681	8300	4247
682	4472	4249
683	3688	4252
684	8764	4254
685	5889	3815
686	2383	4282
687	4624	4282
688	6335	3819
689	4280	4286
690	4790	4288
691	8607	4288
692	5139	4269
693	5189	4295
694	6071	4301
695	4216	4301
696	8784	5826
697	5190	4312
698	6779	4314
699	3868	4315
700	5443	4317
701	8714	4317
702	4294	4338
703	6289	4347
704	8227	4236
705	5522	4365
706	8380	4366
707	4552	4369
708	2506	4373
709	2573	4376
710	4072	4384
711	4291	4391
712	4642	4393
713	4644	4403
714	7048	7849
715	3944	4422
716	8317	4425
717	8237	5073
718	5006	4435
719	3453	4436
720	8317	4450
721	3678	4465
722	8115	4471
723	3851	4473
724	7121	4475
725	5034	4493
726	8963	4496
727	8209	4502
728	2462	4512
729	3735	4520
730	3418	4530
731	2387	4542
732	5793	4543
733	5188	4556
734	8675	4559
735	7554	4588
736	8072	4591
737	8563	4593
738	8624	4594
739	4225	4596
740	7972	4601
741	4269	4602
742	8260	4607
743	8554	4614
744	8230	6681
745	3872	4629
746	8882	5881
747	7869	4655
748	3784	4665
749	4075	4682
750	7639	4681
751	8589	4682
752	5479	4689
753	7625	4701
754	8628	4705
755	8254	4708
756	7493	4710
757	8630	4717
758	8036	4723
759	3863	4728
760	8038	4758
761	8152	4773
762	4826	4779
763	8129	4798
764	3650	4812
765	7730	4819
766	8412	4822
767	8650	4823
768	7820	4826
769	3790	4833
770	5306	4836
771	8554	4849
772	3648	4855
773	4733	4860
774	3657	4864
775	8538	4865
776	7519	4868
777	3833	4880
778	3566	4894
779	2943	4906
780	8409	4916
781	5441	4924
782	8697	4929
783	8758	4936
784	5634	4945
785	8905	7938
786	3843	4958
787	2600	4973
788	3175	4981
789	5499	4984
790	8758	4985
791	3225	4991
792	8835	4997
793	5498	5010
794	3711	5015
795	8203	5017
796	9077	5021
797	3957	5028
798	9029	5028
799	7037	5036
800	7084	5038
801	3953	5055
802	8082	5064
803	3862	5065
804	8331	5067
805	3979	5076
806	3794	5082
807	8107	5088
808	9018	5089
809	7009	5094
810	8691	5101
811	8896	5101
812	7332	5104
813	8483	5106
814	8741	5117
815	8743	5120
816	5068	3959
817	7170	5123
818	7158	5143
819	4685	5143
820	3213	5144
821	4031	5151
822	8122	5151
823	3125	5154
824	6829	9501
825	4474	5161
826	3208	5165
827	4044	5169
828	8609	5169
829	8156	5172
830	8623	5183
831	9037	5190
832	5231	5205
833	4264	5218
834	5020	5221
835	4050	5223
836	8533	5238
837	8825	5246
838	7365	5248
839	7838	5248
840	8480	5249
841	3115	5251
842	5134	5270
843	7413	5272
844	5058	5280
845	7944	5281
846	8607	5283
847	8612	5301
848	3004	5328
849	3786	5351
850	5268	5356
851	4276	5360
852	7985	5368
853	7891	5378
854	8319	5381
855	8847	5392
856	7807	5402
857	5040	5404
858	8918	5408
859	8638	5425
860	8881	5439
861	7638	5445
862	7803	5446
863	4233	5450
864	8853	5451
865	8168	5464
866	8869	5464
867	8518	5478
868	3950	5482
869	8280	5482
870	4198	5497
871	3905	5503
872	5102	5512
873	8553	5515
874	9257	5519
875	4293	5538
876	6924	5538
877	7613	5540
878	8044	5553
879	6744	5560
880	7398	5577
881	4247	5578
882	7449	5586
883	6940	5605
884	6980	5605
885	8969	5622
886	7210	5627
887	6954	5634
888	7630	5638
889	7676	5655
890	7422	4314
891	8525	5670
892	9617	5686
893	8483	5687
894	7693	5714
895	7784	5724
896	8590	5724
897	7707	5739
898	8765	5745
899	7116	5748
900	8795	5753
901	7110	5755
902	7761	5759
903	8917	5764
904	9237	5765
905	8265	5772
906	6993	5774
907	6788	5787
908	6778	5792
909	9238	5799
910	7573	5800
911	9267	5807
912	6919	5808
913	5249	5809
914	8976	5827
915	7748	5833
916	9079	5834
917	7116	5849
918	9456	5866
919	8269	5880
920	9580	5895
921	9020	5898
922	9529	5904
923	9269	5906
924	9034	5908
925	8833	5934
926	9008	5945
927	9096	5950
928	8955	5956
929	7710	5960
930	8417	5962
931	7496	5966
932	7503	5979
933	8944	5991
934	9608	5997
935	6814	7928
936	8289	6012
937	4251	6015
938	3424	6249
939	9097	6036
940	8284	6038
941	9150	6115
942	8649	6045
943	8694	6053
944	7929	6075
945	9074	6102
946	8239	6114
947	9075	6116
948	9197	6119
949	8831	6121
950	9122	6122
951	8343	6126

REQUESTS = 1000
1	44	11	14	1	3	1
2	667	16	18	2	3	3
3	821	15	18	1	2	1
4	234	5	6	2	3	1
5	723	2	4	2	2	2
6	218	3	6	2	2	2
7	211	22	23	1	3	1
8	270	14	17	3	3	1
9	925	12	14	2	2	3
10	871	11	14	1	3	1
11	930	2	5	3	1	3
12	489	4	5	3	2	1
13	685	12	14	2	3	3
14	421	2	5	3	1	1
15	255	17	20	3	1	3
16	749	8	10	1	3	2
17	26	5	7	3	2	2
18	508	6	8	3	2	1
19	903	21	23	1	2	3
20	560	10	12	3	3	2
21	937	3	4	1	1	2
22	309	8	9	2	1	1
23	169	1	2	3	1	2
24	36	13	16	1	2	3
25	894	10	13	2	1	3
26	660	2	5	1	3	1
27	164	13	15	3	2	2
28	140	20	21	3	3	3
29	805	12	14	2	3	2
30	500	9	11	3	1	2
31	51	2	4	2	3	2
32	550	7	10	3	1	1
33	722	13	14	2	2	1
34	315	9	12	1	2	1
35	75	15	16	2	2	1
36	462	15	17	3	2	3
37	620	5	8	1	1	2
38	377	13	16	3	1	2
39	477	14	15	3	2	3
40	837	12	15	3	3	3
41	428	10	13	2	2	3
42	43	18	19	3	3	1
43	373	6	8	3	3	1
44	619	12	14	2	1	3
45	175	11	14	3	3	1
46	415	16	19	3	1	1
47	684	6	7	3	1	2
48	334	16	17	1	3	2
49	688	2	4	1	1	3
50	746	18	19	3	3	3
51	725	2	4	2	1	1
52	579	12	13	2	2	2
53	905	7	10	3	3	2
54	655	3	6	3	2	3
55	795	13	15	3	3	3
56	344	14	16	2	1	3
57	158	2	5	1	2	2
58	859	8	9	3	1	3
59	123	11	13	2	1	2
60	571	5	6	1	2	1
61	49	15	17	1	1	3
62	165	3	6	1	2	2
63	33	18	19	2	3	2
64	227	8	11	1	1	2
65	748	9	11	2	3	1
66	577	20	23	2	1	1
67	139	5	8	2	1	3
68	375	19	20	3	3	1
69	883	10	12	1	2	1
70	646	17	19	3	2	3
71	526	4	5	3	2	2
72	865	1	4	2	2	2
73	483	14	17	1	3	1
74	545	15	18	1	1	1
75	863	8	11	3	1	2
76	617	7	8	1	3	1
77	198	18	21	3	3	1
78	802	19	22	1	3	1
79	475	2	5	3	2	2
80	516	5	6	2	3	1
81	783	16	17	3	1	3
82	141	16	17	1	3	2
83	94	5	6	2	3	3
84	544	13	16	2	1	3
85	625	3	5	2	2	3
86	18	3	5	2	1	1
87	281	15	17	3	2	3
88	162	15	18	3	3	2
89	539	9	11	2	1	2
90	472	6	9	1	1	2
91	436	8	11	2	1	2
92	184	2	3	1	1	2
93	278	2	3	3	3	1
94	70	20	21	2	3	3
95	848	16	17	1	2	1
96	442	7	8	1	3	3
97	839	10	11	1	1	3
98	435	3	4	3	1	2
99	596	16	19	2	2	3
100	856	4	5	2	3	3
101	319	20	21	1	2	2
102	430	16	18	1	2	3
103	609	13	16	1	3	3
104	758	2	3	1	1	2
105	235	13	16	3	3	3
106	803	6	7	3	3	1
107	350	17	18	3	2	3
108	778	17	18	3	1	1
109	844	5	8	3	3	3
110	82	10	12	2	3	2
111	92	2	4	1	1	1
112	267	8	9	1	1	3
113	391	20	23	1	1	2
114	271	11	14	3	1	3
115	437	10	11	2	3	3
116	593	12	15	1	2	2
117	890	10	11	2	2	2
118	414	4	5	1	1	1
119	919	18	19	1	2	3
120	403	22	23	1	1	3
121	713	10	12	3	3	3
122	734	8	10	2	1	2
123	800	6	8	3	3	2
124	889	10	11	3	1	3
125	143	11	13	3	1	2
126	97	8	11	2	1	3
127	257	14	17	2	3	2
128	468	11	14	1	3	2
129	247	3	4	3	1	1
130	9	1	3	3	1	1
131	100	7	10	3	3	2
132	142	7	8	2	2	1
133	906	22	23	2	3	3
134	494	19	21	2	3	2
135	583	18	20	1	3	1
136	38	13	16	1	1	2
137	867	7	9	1	2	1
138	698	20	21	2	3	1
139	452	2	5	3	2	1
140	473	5	7	3	1	2
141	189	10	13	2	3	1
142	118	5	8	1	2	3
143	699	9	10	2	1	2
144	286	14	16	2	3	3
145	53	17	19	2	3	3
146	314	9	12	3	2	1
147	25	8	9	3	2	3
148	823	12	13	3	1	3
149	224	18	19	3	1	2
150	269	3	4	2	1	1
151	369	1	4	2	2	2
152	776	23	24	1	1	3
153	258	9	12	1	1	2
154	827	5	7	3	1	1
155	417	8	10	1	1	2
156	172	11	14	3	1	2
157	657	2	5	1	1	1
158	680	13	16	2	1	3
159	665	17	19	1	1	2
160	506	13	14	2	2	1
161	219	19	21	1	3	1
162	574	2	3	1	3	1
163	617	8	9	1	1	2
164	387	4	5	3	1	3
165	550	1	2	3	3	2
166	77	20	22	2	3	2
167	137	5	8	3	1	1
168	847	12	14	1	1	3
169	818	5	7	3	1	2
170	196	4	6	1	1	2
171	882	2	3	2	2	2
172	259	7	10	3	1	2
173	569	7	10	3	1	2
174	696	20	21	1	3	3
175	131	11	12	1	2	1
176	192	11	14	1	2	1
177	576	15	16	3	1	3
178	497	12	14	3	3	2
179	494	23	24	1	2	2
180	640	14	16	2	1	3
181	130	16	19	2	3	3
182	308	3	5	2	2	2
183	562	12	13	3	3	3
184	474	15	18	1	3	1
185	6	6	9	1	2	2
186	902	15	16	2	3	3
187	396	23	24	1	3	1
188	451	3	5	3	1	3
189	944	6	8	1	3	3
190	397	17	20	1	2	2
191	518	15	18	3	1	3
192	302	3	6	2	2	1
193	393	6	9	2	1	2
194	813	18	20	1	2	1
195	671	7	10	1	3	2
196	434	2	3	2	1	3
197	770	10	12	1	3	1
198	264	16	17	3	3	1
199	721	1	3	2	1	1
200	138	17	20	3	3	2
201	773	15	17	3	2	1
202	233	17	18	3	2	3
203	895	11	14	3	3	2
204	342	10	11	2	1	1
205	944	14	16	3	3	3
206	464	8	9	2	3	2
207	824	19	20	3	3	2
208	106	6	8	3	1	1
209	95	17	20	1	1	3
210	515	3	4	3	1	2
211	580	22	23	2	1	2
212	810	20	22	3	2	3
213	491	13	16	2	3	2
214	587	4	7	1	3	2
215	168	21	22	1	3	3
216	651	15	16	1	2	3
217	799	6	9	1	3	2
218	328	20	21	1	2	2
219	332	12	13	1	2	2
220	11	16	19	3	1	3
221	387	3	6	2	3	3
222	60	2	4	3	2	1
223	592	21	22	1	2	2
224	476	10	11	1	1	1
225	604	3	6	1	2	3
226	371	18	21	2	3	1
227	718	17	20	2	2	3
228	459	14	16	2	1	3
229	726	8	10	2	3	1
230	599	16	18	2	3	1
231	320	12	13	2	3	2
232	465	11	12	2	1	2
233	1	5	7	2	2	3
234	303	2	5	3	1	2
235	299	4	7	2	3	2
236	908	16	19	3	1	1
237	732	9	11	1	1	2
238	943	2	5	2	1	2
239	816	17	18	1	1	3
240	800	12	13	1	3	1
241	338	12	13	2	1	1
242	492	7	9	2	2	2
243	711	8	9	3	1	1
244	20	6	7	3	3	2
245	14	3	5	3	3	3
246	12	6	9	3	2	2
247	594	14	17	2	2	3
248	85	14	15	1	1	2
249	285	9	11	3	2	1
250	13	10	11	3	2	1
251	34	18	19	2	3	2
252	947	11	14	3	1	1
253	915	23	24	1	3	2
254	395	5	8	1	1	3
255	88	4	5	1	3	2
256	590	4	5	3	2	2
257	921	3	6	3	2	1
258	91	4	5	2	3	1
259	210	20	23	1	1	3
260	402	17	19	3	1	1
261	217	6	9	3	2	1
262	869	9	12	1	2	1
263	904	4	7	2	2	1
264	938	9	10	1	2	2
265	708	11	14	2	2	3
266	372	13	14	1	3	2
267	66	19	22	3	2	1
268	743	3	5	3	2	2
269	641	8	11	1	2	1
270	416	9	11	3	3	2
271	548	11	13	1	1	1
272	529	7	10	3	1	3
273	759	11	12	2	3	2
274	245	8	10	3	1	3
275	117	11	14	3	3	2
276	525	15	18	1	1	2
277	365	14	16	3	3	3
278	204	19	20	1	3	2
279	398	7	8	1	3	1
280	767	8	11	3	3	3
281	564	17	18	1	2	1
282	505	19	21	1	1	3
283	510	6	8	1	3	1
284	105	11	14	2	3	2
285	337	17	20	1	1	1
286	553	12	15	3	2	3
287	193	13	16	3	2	2
288	537	6	9	2	2	3
289	654	21	23	1	3	2
290	629	3	4	1	3	2
291	892	16	17	2	1	1
292	562	2	3	3	2	2
293	128	11	14	3	3	3
294	45	3	6	3	3	1
295	367	1	4	1	1	3
296	252	20	22	2	2	2
297	343	4	6	1	1	3
298	400	8	10	1	2	1
299	631	9	11	3	3	1
300	103	13	14	2	1	1
301	209	10	13	2	2	1
302	248	6	8	3	3	3
303	860	20	22	1	2	2
304	754	16	19	3	2	2
305	326	8	10	3	1	3
306	753	15	17	1	1	2
307	275	15	18	3	3	3
308	832	2	3	1	1	2
309	530	11	12	1	2	1
310	243	2	3	2	1	2
311	457	18	20	2	2	2
312	355	22	23	1	2	1
313	87	8	10	2	3	3
314	663	18	21	2	1	2
315	621	3	4	3	3	1
316	420	2	5	1	1	3
317	274	17	20	3	3	1
318	177	15	17	3	3	1
319	853	15	17	3	1	3
320	99	10	12	2	3	2
321	427	3	4	2	2	1
322	716	11	13	1	2	2
323	602	2	5	3	1	1
324	463	4	7	1	2	3
325	682	5	7	3	1	1
326	101	5	7	3	3	3
327	166	11	13	2	3	2
328	730	16	19	1	2	3
329	769	7	8	3	2	1
330	293	17	19	1	1	3
331	407	3	6	3	3	2
332	689	4	7	3	1	1
333	914	3	4	3	3	1
334	701	11	12	3	3	1
335	808	1	2	3	3	3
336	811	9	10	1	3	1
337	163	18	19	1	3	2
338	43	7	10	3	3	1
339	673	22	23	2	1	1
340	410	9	12	2	1	1
341	15	7	9	1	2	1
342	524	13	16	3	3	2
343	460	9	12	2	3	1
344	704	12	13	3	2	3
345	582	8	10	3	2	2
346	877	14	16	1	3	3
347	888	17	18	3	1	3
348	834	10	13	3	1	1
349	405	11	13	1	3	3
350	532	2	3	2	3	1
351	10	14	16	2	3	3
352	880	3	6	2	1	2
353	745	5	8	2	1	3
354	551	16	19	2	1	2
355	934	20	22	2	1	1
356	27	19	20	3	1	1
357	910	5	6	3	3	3
358	637	19	20	1	1	1
359	321	21	22	3	3	3
360	232	20	23	2	2	3
361	633	22	23	1	3	2
362	517	11	12	3	1	1
363	720	2	3	3	3	3
364	351	18	20	3	1	2
365	765	1	4	3	2	3
366	671	19	20	2	1	2
367	222	16	19	3	2	3
368	630	18	19	1	3	2
369	114	2	3	2	2	3
370	331	7	9	1	3	1
371	173	10	12	1	3	1
372	67	18	21	2	2	3
373	223	16	18	1	1	1
374	858	5	7	3	2	3
375	98	16	17	1	1	3
376	675	21	23	1	2	2
377	652	4	6	1	2	1
378	229	21	23	1	2	3
379	693	1	2	2	2	3
380	386	2	4	3	1	1
381	540	9	10	2	2	2
382	446	15	18	3	3	2
383	855	12	15	2	1	3
384	110	7	8	2	2	2
385	669	20	22	1	2	3
386	389	10	12	1	2	3
387	353	7	9	1	1	2
388	341	17	18	2	1	3
389	728	4	5	3	1	2
390	349	12	15	2	2	1
391	917	7	8	2	1	1
392	936	10	11	1	2	3
393	28	17	19	1	2	1
394	484	5	7	2	3	2
395	822	18	21	3	2	3
396	300	1	4	2	2	1
397	566	12	13	3	2	1
398	623	20	23	1	1	2
399	868	7	10	2	2	3
400	409	7	9	2	3	1
401	95	15	18	2	2	3
402	172	4	6	3	2	1
403	431	16	18	3	3	3
404	616	15	17	3	2	3
405	42	21	22	2	1	1
406	183	17	19	3	2	3
407	451	11	14	3	2	1
408	712	4	6	2	1	3
409	814	17	20	2	1	2
410	733	16	18	1	2	2
411	125	11	14	2	2	1
412	40	1	2	2	2	2
413	366	5	8	2	2	1
414	239	20	22	2	3	1
415	618	11	14	1	3	3
416	615	21	22	1	1	3
417	638	3	4	2	3	2
418	610	14	17	2	1	3
419	866	6	7	1	2	2
420	81	15	17	1	2	3
421	59	11	14	1	1	3
422	857	3	4	1	3	2
423	24	5	7	2	1	2
424	298	13	16	1	3	1
425	363	18	20	1	2	1
426	89	12	13	3	3	3
427	194	2	4	3	3	3
428	585	14	15	3	2	2
429	146	5	6	2	2	1
430	707	10	12	3	1	1
431	86	19	21	1	2	1
432	881	9	11	2	2	1
433	6	21	23	2	2	3
434	78	12	14	3	1	1
435	316	12	14	2	3	1
436	440	9	12	1	2	3
437	127	3	4	1	2	2
438	752	19	20	1	3	2
439	109	10	13	3	2	2
440	2	18	20	3	2	1
441	757	5	8	2	3	2
442	875	16	18	2	1	2
443	411	7	10	2	3	1
444	923	15	18	1	2	3
445	636	3	6	3	3	2
446	74	4	6	2	1	3
447	228	2	4	3	1	3
448	815	20	21	1	2	1
449	7	18	20	1	1	1
450	600	2	5	3	1	1
451	201	3	4	1	1	1
452	918	20	22	2	1	3
453	933	13	16	1	3	3
454	360	1	3	2	2	3
455	136	19	21	1	1	3
456	938	1	2	1	1	3
457	598	15	17	3	1	1
458	294	15	17	2	3	2
459	306	11	14	2	2	1
460	798	2	4	1	2	3
461	406	9	10	1	3	2
462	648	18	21	1	2	2
463	533	15	18	1	1	1
464	840	7	9	3	3	1
465	846	1	2	1	3	2
466	535	14	15	2	2	2
467	925	18	20	3	3	1
468	780	12	13	2	3	2
469	90	5	8	2	2	3
470	941	17	20	1	2	3
471	756	4	6	2	3	2
472	611	9	11	3	1	1
473	942	2	3	1	2	2
474	737	7	9	3	2	3
475	522	9	11	3	1	2
476	335	11	12	3	1	3
477	828	16	19	3	3	2
478	589	20	23	2	2	1
479	486	1	3	1	1	2
480	523	14	16	2	2	3
481	624	13	16	1	2	3
482	911	12	14	1	2	2
483	296	13	14	3	2	3
484	488	18	19	2	2	2
485	668	3	5	3	2	1
486	31	1	2	3	2	3
487	927	17	20	1	3	3
488	279	9	11	2	2	2
489	401	6	8	2	2	3
490	182	7	10	3	1	1
491	470	5	8	2	3	1
492	583	12	13	2	1	2
493	386	12	13	2	3	1
494	205	21	23	1	3	1
495	509	13	15	1	2	1
496	388	4	5	3	2	2
497	612	18	21	1	3	1
498	167	5	6	3	3	3
499	116	21	23	2	3	2
500	61	6	8	3	3	2
501	649	15	17	2	1	2
502	479	17	19	1	1	2
503	260	1	4	3	1	3
504	374	17	19	3	1	1
505	256	19	20	1	1	3
506	370	15	17	1	1	3
507	471	3	4	2	3	3
508	359	14	17	2	2	1
509	563	19	22	1	3	1
510	48	4	6	3	1	2
511	935	1	3	3	2	2
512	83	4	7	2	2	3
513	273	9	12	2	1	1
514	709	6	7	2	2	3
515	705	7	8	2	3	1
516	72	12	13	3	1	3
517	717	13	16	1	3	2
518	329	13	15	2	3	2
519	186	18	20	1	1	2
520	237	17	18	1	1	2
521	299	20	21	1	2	2
522	643	18	19	1	2	1
523	809	2	4	2	2	2
524	490	17	19	2	2	3
525	103	4	6	2	3	1
526	84	5	6	1	3	3
527	796	19	20	1	2	3
528	573	8	10	2	2	2
529	442	1	4	3	1	1
530	301	11	12	2	2	1
531	521	5	6	1	2	2
532	240	16	17	2	3	1
533	536	6	7	2	2	2
534	160	17	19	3	1	2
535	766	10	11	3	2	2
536	547	15	17	1	1	1
537	378	11	13	3	1	2
538	480	12	15	1	2	3
539	672	6	7	3	3	2
540	124	13	15	3	3	2
541	659	7	10	1	3	2
542	852	7	8	2	1	2
543	640	6	7	2	3	3
544	892	12	14	3	2	1
545	642	13	14	1	3	3
546	80	1	3	1	2	3
547	845	5	6	2	1	3
548	891	17	20	3	2	2
549	277	8	9	3	3	2
550	644	17	19	2	2	2
551	662	12	14	1	2	1
552	710	9	12	2	3	3
553	950	16	18	3	3	3
554	946	18	19	1	3	1
555	68	14	17	1	1	3
556	216	23	24	1	1	2
557	188	7	8	1	2	3
558	628	19	22	2	2	2
559	311	21	24	1	3	1
560	782	10	11	2	2	2
561	493	21	22	2	1	3
562	561	19	22	1	1	1
563	153	10	11	2	1	2
564	17	3	5	3	2	2
565	404	19	22	3	2	2
566	503	6	9	1	1	3
567	305	15	18	2	2	1
568	221	6	7	3	1	2
569	286	8	9	2	2	3
570	47	21	22	2	2	2
571	202	7	8	2	3	3
572	775	4	7	2	1	3
573	120	8	10	1	3	3
574	706	11	13	2	3	2
575	356	17	18	2	1	2
576	102	16	19	2	1	1
577	268	5	6	3	2	3
578	686	2	5	1	2	2
579	872	10	11	3	2	1
580	534	10	11	1	3	1
581	157	2	3	1	3	3
582	755	20	21	3	1	3
583	501	21	22	2	2	2
584	265	15	16	1	3	2
585	238	17	19	2	1	1
586	836	2	5	3	1	2
587	129	17	19	3	3	3
588	761	8	10	3	3	1
589	541	1	4	3	2	2
590	820	12	15	2	1	3
591	679	1	4	3	2	2
592	346	18	21	2	2	3
593	694	7	8	1	1	1
594	543	15	16	2	1	1
595	254	10	13	1	2	3
596	21	19	20	2	3	3
597	23	16	17	1	2	3
598	940	2	3	1	3	2
599	121	11	14	2	1	1
600	79	3	5	3	2	1
601	842	4	6	1	1	1
602	107	12	13	2	3	3
603	236	1	2	3	1	3
604	16	4	5	1	3	3
605	225	11	13	2	2	3
606	361	17	18	2	3	2
607	595	7	9	1	2	1
608	558	3	5	3	3	1
609	700	11	12	2	2	2
610	181	12	14	3	1	2
611	499	10	11	3	1	2
612	868	1	3	1	2	2
613	627	21	23	2	2	3
614	772	14	16	1	1	2
615	327	10	13	1	1	1
616	945	21	23	2	2	2
617	886	11	12	1	2	2
618	870	17	19	1	2	1
619	639	7	8	2	2	3
620	266	16	19	2	1	1
621	307	5	6	1	3	3
622	873	14	17	2	1	3
623	864	3	4	2	3	1
624	56	16	17	2	1	1
625	674	17	20	2	3	2
626	262	15	16	3	2	1
627	771	9	11	2	2	2
628	817	1	4	3	3	2
629	8	14	16	3	1	1
630	207	4	6	1	3	2
631	785	17	18	3	1	1
632	325	14	16	1	2	1
633	263	11	12	1	3	2
634	280	21	22	3	1	2
635	554	14	17	2	3	3
636	948	20	21	1	1	2
637	119	18	20	1	3	2
638	744	13	14	1	2	1
639	498	20	23	2	2	2
640	929	19	21	1	1	2
641	149	18	19	3	2	1
642	790	3	4	2	2	1
643	382	1	4	3	1	2
644	520	16	17	3	3	1
645	310	22	23	2	3	2
646	928	19	20	3	2	3
647	256	18	21	2	2	3
648	287	14	15	1	2	2
649	58	6	9	3	2	3
650	150	5	8	2	1	3
651	572	3	5	1	1	1
652	413	16	18	3	2	3
653	932	19	21	3	3	1
654	514	5	6	2	3	3
655	354	4	7	1	1	3
656	907	18	21	3	2	2
657	289	17	20	3	2	2
658	909	15	17	2	1	1
659	714	17	19	1	2	3
660	498	15	18	3	1	2
661	250	9	12	3	3	3
662	187	20	21	2	1	1
663	772	4	5	3	2	3
664	352	5	6	2	3	3
665	584	6	8	1	2	3
666	230	9	10	1	3	1
667	399	21	22	2	3	1
668	5	5	6	1	2	2
669	806	13	16	2	2	2
670	443	19	22	3	3	1
671	339	4	5	3	1	3
672	104	16	17	2	1	1
673	276	15	17	2	1	2
674	423	2	4	3	3	1
675	453	18	21	3	3	2
676	288	1	2	2	3	3
677	151	7	9	1	3	3
678	7	12	15	2	1	3
679	444	4	5	2	3	2
680	73	16	18	2	1	1
681	519	15	18	1	1	3
682	763	18	19	1	3	1
683	804	18	19	1	1	3
684	147	15	18	1	3	3
685	739	13	14	3	2	3
686	455	16	18	3	3	3
687	197	16	19	3	2	2
688	251	9	11	3	1	1
689	591	1	3	3	2	2
690	774	6	7	3	2	3
691	482	2	4	3	1	2
692	376	11	13	3	3	3
693	178	14	15	2	2	2
694	606	5	8	3	1	2
695	144	18	21	1	3	1
696	439	12	15	1	2	2
697	132	7	10	2	3	1
698	336	5	7	3	2	1
699	538	13	15	3	1	2
700	392	21	24	1	3	2
701	864	20	23	2	3	3
702	531	20	21	3	3	1
703	703	19	21	3	3	1
704	513	11	13	3	1	3
705	69	9	12	3	1	1
706	715	5	8	1	2	1
707	740	10	13	2	1	3
708	887	14	17	1	2	1
709	154	10	11	2	2	1
710	64	10	12	3	3	3
711	882	7	9	1	3	1
712	608	4	5	2	3	3
713	495	15	17	2	3	2
714	219	2	5	1	3	2
715	601	8	10	1	1	3
716	111	9	11	2	2	3
717	661	22	23	2	3	3
718	133	8	10	2	2	3
719	347	8	11	2	1	2
720	57	16	19	2	1	3
721	552	10	13	2	2	3
722	603	20	23	1	1	3
723	504	3	5	1	2	3
724	663	2	4	3	3	2
725	697	4	7	3	2	3
726	180	2	3	3	2	2
727	383	5	8	1	3	3
728	426	19	22	1	3	1
729	653	20	22	3	3	1
730	32	4	6	3	2	3
731	917	3	5	1	2	2
732	614	3	4	1	2	1
733	384	15	16	1	3	2
734	425	4	7	2	1	1
735	242	2	3	1	1	3
736	528	9	12	3	3	2
737	945	13	15	2	2	2
738	779	14	17	2	3	3
739	924	20	22	2	3	2
740	458	20	23	1	3	3
741	829	12	13	2	1	1
742	830	22	24	1	3	3
743	122	20	23	2	1	1
744	282	9	10	2	2	2
745	418	11	14	1	3	3
746	322	2	4	1	2	2
747	922	16	19	1	1	2
748	597	17	18	2	2	3
749	368	6	8	3	1	3
750	819	10	13	1	2	3
751	96	1	3	1	2	1
752	507	7	10	1	2	2
753	208	6	9	1	3	3
754	176	12	13	1	1	2
755	835	9	10	3	1	3
756	735	13	15	1	3	1
757	379	19	22	1	3	3
758	190	9	10	2	1	2
759	535	1	2	3	3	2
760	613	13	16	1	3	1
761	666	21	24	1	3	2
762	408	8	10	2	1	1
763	478	11	12	1	1	2
764	364	6	7	2	1	3
765	884	18	19	2	1	3
766	760	2	5	3	2	2
767	626	20	21	1	3	1
768	542	5	7	3	3	2
769	433	16	19	2	2	1
770	901	11	14	1	1	2
771	502	13	15	2	3	2
772	789	13	14	2	1	2
773	702	6	9	2	2	3
774	206	9	10	2	3	1
775	261	2	5	1	3	1
776	148	1	3	1	3	2
777	424	13	16	3	1	2
778	878	4	5	1	3	3
779	719	13	15	3	2	3
780	833	11	13	2	3	2
781	173	13	14	3	1	1
782	575	17	18	1	1	2
783	670	5	7	2	3	3
784	291	5	7	2	2	2
785	467	21	22	2	1	1
786	807	20	22	2	3	2
787	603	6	9	3	3	2
788	681	5	7	1	2	2
789	570	2	4	1	3	1
790	253	17	20	3	2	3
791	677	1	2	2	3	2
792	862	11	14	3	2	1
793	512	1	4	2	2	3
794	762	13	14	1	1	3
795	741	13	15	2	1	2
796	469	11	14	3	2	1
797	578	10	11	3	2	1
798	161	11	13	3	3	1
799	896	10	13	2	2	3
800	549	5	6	1	1	1
801	357	9	11	2	3	1
802	50	5	7	2	3	1
803	920	2	5	3	1	3
804	135	9	11	2	2	1
805	371	19	22	2	2	1
806	635	16	19	1	1	2
807	650	12	13	3	1	2
808	39	15	18	1	2	2
809	448	5	7	2	3	3
810	695	20	22	2	1	1
811	511	7	8	2	3	3
812	284	12	13	1	3	1
813	565	5	8	2	1	3
814	385	6	8	2	2	3
815	786	6	9	3	1	3
816	687	2	3	1	2	2
817	794	6	7	1	3	3
818	622	8	10	1	1	1
819	781	9	12	3	1	3
820	854	15	18	1	2	3
821	683	21	22	1	1	3
822	191	10	12	3	1	1
823	876	17	20	3	2	3
824	793	9	12	3	3	2
825	742	11	12	1	2	1
826	244	14	16	1	3	1
827	898	21	22	2	2	1
828	108	15	16	2	1	2
829	295	20	23	2	2	3
830	174	14	16	3	2	1
831	333	3	5	3	2	3
832	3	7	9	3	1	3
833	76	7	9	2	2	3
834	559	14	17	2	1	2
835	851	5	8	2	3	1
836	818	20	22	3	3	3
837	825	8	11	2	3	3
838	750	7	10	3	2	3
839	861	1	3	3	3	3
840	586	13	14	2	3	1
841	728	7	8	1	2	2
842	323	16	17	2	1	3
843	304	9	12	2	2	2
844	52	10	12	3	1	2
845	145	11	12	1	2	2
846	747	15	18	2	2	1
847	449	7	9	2	3	2
848	445	5	6	3	2	3
849	55	23	24	1	1	2
850	678	11	13	2	1	1
851	731	18	20	3	2	3
852	422	14	16	2	1	2
853	879	17	19	3	2	2
854	200	3	5	2	1	3
855	115	21	22	2	2	1
856	454	9	10	2	1	1
857	850	5	7	2	3	2
858	831	3	4	3	2	2
859	432	6	8	1	2	3
860	632	19	20	3	2	1
861	324	13	16	1	2	1
862	220	16	18	1	1	3
863	179	16	17	1	2	1
864	159	1	2	1	2	1
865	691	8	11	3	2	3
866	358	7	8	2	1	1
867	390	4	5	1	1	1
868	231	17	18	2	3	1
869	801	17	20	2	3	2
870	381	15	18	3	1	1
871	348	13	16	2	2	2
872	380	15	17	3	3	1
873	199	14	15	1	3	2
874	849	13	14	3	1	1
875	496	9	12	2	2	1
876	791	11	12	2	1	2
877	736	21	22	3	1	1
878	690	2	5	2	3	3
879	126	5	8	3	3	3
880	330	14	17	1	1	2
881	214	18	19	2	1	2
882	605	7	8	1	1	1
883	292	14	15	2	2	1
884	447	10	12	1	3	1
885	557	8	10	2	1	2
886	145	11	13	3	1	2
887	412	5	7	1	1	2
888	441	22	24	1	3	1
889	885	21	22	2	1	2
890	634	9	10	2	3	3
891	62	16	19	3	2	1
892	645	13	14	2	2	3
893	19	14	16	3	3	3
894	45	10	12	1	3	2
895	213	4	5	2	3	3
896	949	11	14	3	1	3
897	555	18	21	1	1	3
898	257	2	3	3	1	2
899	738	15	18	2	1	3
900	156	4	5	1	3	3
901	792	11	13	2	2	2
902	664	21	24	1	3	1
903	152	8	9	2	2	2
904	812	16	17	1	2	2
905	312	5	8	2	1	2
906	777	3	6	1	3	2
907	195	2	4	3	3	2
908	588	18	21	3	3	1
909	340	19	20	2	3	2
910	487	6	9	2	1	3
911	93	18	19	3	3	3
912	913	11	14	3	2	1
913	461	18	21	2	2	3
914	581	15	18	3	2	2
915	290	1	2	1	1	3
916	30	2	5	2	2	3
917	466	11	13	1	1	3
918	897	10	11	3	3	2
919	212	15	18	3	2	1
920	394	15	18	3	1	3
921	134	6	8	1	1	3
922	456	15	16	3	2	2
923	485	17	19	2	2	3
924	35	2	3	3	3	3
925	203	9	12	2	3	1
926	912	17	19	1	1	3
927	724	12	13	3	2	1
928	226	7	10	1	3	3
929	63	15	17	2	2	1
930	607	5	8	1	2	3
931	249	2	3	3	3	3
932	838	6	7	1	3	2
933	450	15	18	3	3	1
934	65	6	8	3	3	2
935	71	11	14	2	2	2
936	874	12	14	3	1	3
937	727	7	9	2	2	2
938	481	14	17	2	2	3
939	112	2	3	2	1	2
940	345	4	5	2	3	3
941	788	4	7	3	1	3
942	931	5	8	3	1	3
943	787	22	24	1	3	1
944	556	13	15	2	1	1
945	647	21	22	3	2	2
946	658	17	20	1	2	2
947	4	17	18	1	2	3
948	843	4	7	2	2	2
949	937	10	12	2	3	1
950	113	6	7	2	3	1
951	297	13	15	1	1	1
952	926	17	20	3	3	1
953	22	21	23	1	3	1
954	784	3	6	2	3	3
955	899	6	8	3	1	2
956	512	8	9	1	1	2
957	826	20	22	1	2	1
958	46	4	7	3	2	2
959	54	19	22	3	2	1
960	751	2	4	3	1	2
961	939	1	3	3	1	2
962	246	9	11	3	1	1
963	568	11	14	3	3	3
964	567	11	13	2	3	3
965	419	14	17	1	1	2
966	241	9	10	3	2	2
967	41	10	11	3	3	2
968	249	2	4	1	2	2
969	546	5	6	2	3	1
970	283	3	6	3	1	2
971	313	9	10	3	3	3
972	841	10	12	1	3	1
973	729	9	10	3	1	3
974	185	15	17	1	1	3
975	272	3	6	1	3	2
976	692	5	7	1	3	2
977	768	19	20	2	3	1
978	170	14	17	1	3	2
979	656	7	9	1	1	3
980	318	6	9	2	3	1
981	845	11	12	1	2	1
982	602	19	22	3	2	2
983	37	8	9	1	3	1
984	215	8	10	2	3	1
985	317	8	10	1	2	2
986	893	6	7	2	1	3
987	438	9	11	2	3	3
988	527	18	20	3	1	3
989	764	19	21	2	3	3
990	362	6	7	1	2	1
991	155	19	21	1	3	3
992	916	5	8	1	3	3
993	29	10	13	3	2	1
994	951	12	13	2	2	3
995	599	21	22	2	1	2
996	171	6	8	1	3	2
997	676	16	19	2	1	3
998	900	1	2	1	3	2
999	797	8	10	3	3	3
1000	429	12	13	3	2	2

