DATASET = All time best instance set VeRoLog competition
NAME = tools over vehicle days over vehicles over distance with 1000 requests over 30 days

DAYS = 30
CAPACITY = 35
MAX_TRIP_DISTANCE = 15000
DEPOT_COORDINATE = 0

VEHICLE_COST = 3000
VEHICLE_DAY_COST = 400000
DISTANCE_COST = 1

TOOLS = 4
1	6	68	50000000
2	15	54	10000000
3	3	74	30000000
4	9	70	50000000

COORDINATES = 943
0	3917	6819
1	7392	6161
2	8695	6166
3	4289	6176
4	8922	6183
5	5889	6188
6	8244	6197
7	8400	6200
8	3979	5133
9	8957	6233
10	3500	6242
11	8390	4733
12	8853	6246
13	7082	7537
14	4227	6290
15	7700	6290
16	8247	6309
17	7566	6328
18	7737	6338
19	7549	6364
20	7651	6376
21	4020	4170
22	7854	6406
23	3989	6407
24	8647	6413
25	6909	6430
26	6918	6441
27	8599	6447
28	6763	2339
29	7469	6455
30	6812	6463
31	7574	6485
32	7528	6534
33	8209	6545
34	7480	6561
35	4032	6597
36	6307	6597
37	8343	6614
38	7317	6644
39	7888	6657
40	7880	6677
41	7817	6678
42	8062	6679
43	7216	6689
44	7961	6710
45	7186	8233
46	3680	6730
47	6909	6733
48	7819	6739
49	4130	6766
50	3828	6788
51	8747	6798
52	3443	6808
53	7125	6814
54	3363	6820
55	3718	6821
56	8320	6828
57	3998	6840
58	8737	6842
59	8351	6852
60	8243	6874
61	4576	6880
62	8492	4258
63	8188	6923
64	8451	6924
65	8750	6934
66	9459	6941
67	8720	6954
68	8041	6960
69	7767	6970
70	9110	6976
71	7259	6981
72	7724	6983
73	8144	6988
74	8426	6993
75	7314	7017
76	3541	7028
77	7370	7029
78	8507	4279
79	4515	4281
80	8858	7065
81	4319	4284
82	6458	7074
83	3995	7081
84	7800	7085
85	4161	7088
86	7533	8296
87	8138	7124
88	8491	7135
89	4086	7143
90	3688	7144
91	8851	7158
92	8764	7171
93	6903	7177
94	8774	4302
95	8991	7182
96	7939	7191
97	7688	7192
98	4467	7220
99	9179	7229
100	8562	7246
101	8076	7262
102	7980	4316
103	4235	7267
104	7255	7280
105	8017	7283
106	7273	7284
107	3762	7285
108	4411	7289
109	4023	7294
110	4324	7296
111	8210	7299
112	3919	7301
113	7060	7337
114	6600	7344
115	7613	7352
116	7516	7358
117	3945	7371
118	7742	7378
119	7256	7390
120	7293	7394
121	3615	7408
122	8365	7480
123	9064	7497
124	7781	7518
125	6795	7530
126	8861	7535
127	7732	7540
128	6970	7551
129	6766	7557
130	7390	7558
131	7700	7563
132	3785	7564
133	6484	7569
134	8343	4778
135	4513	7581
136	5744	4371
137	4310	4372
138	7680	7599
139	8478	7603
140	4336	6380
141	8475	7633
142	5698	7661
143	7864	7676
144	6938	7678
145	8917	7680
146	5733	7684
147	6530	7689
148	6740	7696
149	8389	7699
150	7568	7700
151	7075	7702
152	8544	7705
153	7523	7720
154	7121	7727
155	6460	7731
156	3555	7733
157	5806	7737
158	6173	7748
159	3538	4401
160	5648	7809
161	6816	7820
162	5248	7826
163	5545	7829
164	4425	4412
165	4127	7856
166	9154	7858
167	8795	8424
168	5359	7895
169	4654	4425
170	6212	7930
171	7322	7937
172	6454	7942
173	5472	7951
174	9462	7957
175	7142	7958
176	6771	7971
177	6955	7973
178	8636	4435
179	5445	7982
180	8213	7984
181	8823	4260
182	6902	7999
183	7514	8000
184	6275	8007
185	6402	8016
186	7261	8027
187	3460	4446
188	5851	8040
189	5489	8048
190	8634	8062
191	9723	8077
192	7634	8077
193	7075	8078
194	6280	8080
195	6911	8098
196	8143	8099
197	7999	8108
198	8466	4458
199	7487	8149
200	6023	3996
201	7561	8156
202	6920	8157
203	6904	8161
204	6777	8205
205	7370	8205
206	5961	8208
207	7359	8217
208	8979	8228
209	9188	8250
210	5920	8251
211	5970	8263
212	6896	8263
213	7514	8295
214	7501	8298
215	6537	8302
216	9977	8302
217	5927	8497
218	9918	8316
219	5371	8319
220	7930	8405
221	7006	8326
222	5346	8350
223	9335	8353
224	9351	8361
225	6537	8376
226	7955	8382
227	8093	8389
228	7619	8407
229	8060	8410
230	6244	8427
231	8318	8429
232	5814	8432
233	9119	7608
234	8734	8520
235	8461	8465
236	6672	8469
237	7709	8502
238	7882	8504
239	6865	8516
240	6953	8525
241	6557	8534
242	8152	8539
243	5572	8542
244	7210	8551
245	6332	8568
246	8460	8573
247	6354	8578
248	6814	8582
249	6593	8600
250	6109	8620
251	9828	8623
252	6391	8625
253	6283	8630
254	5651	8631
255	7446	8632
256	3770	8634
257	3940	8635
258	7794	8637
259	8441	8637
260	6305	8656
261	6165	8658
262	6278	8670
263	6937	8678
264	8273	8681
265	8739	4553
266	8277	8691
267	7048	8720
268	7222	8737
269	6378	8739
270	6943	8752
271	5509	8757
272	5992	2562
273	7480	8774
274	7665	8781
275	7463	2566
276	5415	8784
277	7723	8802
278	8103	8828
279	6644	8830
280	5796	8831
281	7774	8835
282	6941	8852
283	6688	8878
284	9051	8898
285	6103	8919
286	5595	8931
287	7373	8935
288	5714	8936
289	6765	8939
290	7308	8962
291	7627	4599
292	5973	8965
293	6871	9000
294	7735	9001
295	7986	9007
296	7795	9012
297	7965	9022
298	6062	9024
299	7320	9036
300	6051	8623
301	5694	9067
302	7492	9078
303	5600	9085
304	7731	9087
305	6827	9099
306	6072	9107
307	6860	6628
308	7739	5229
309	7970	9128
310	7486	9130
311	8586	9168
312	6635	9195
313	5159	3632
314	8625	9230
315	7875	9239
316	6182	9241
317	7326	9246
318	6827	8654
319	7998	9255
320	6374	9255
321	6830	9260
322	8364	9260
323	8861	9268
324	6206	2649
325	7512	9288
326	7515	9306
327	9638	8272
328	7994	9307
329	8951	9321
330	6690	9322
331	8625	9329
332	6373	9330
333	8754	9332
334	6943	9340
335	7195	9341
336	8541	9347
337	6550	9360
338	6597	9383
339	8326	9384
340	6725	9389
341	7693	6675
342	9122	9424
343	9175	9438
344	8705	9441
345	8585	9456
346	7203	9470
347	6935	9479
348	6718	9487
349	7784	9501
350	9170	9505
351	8985	9511
352	8302	9512
353	8219	9514
354	8500	4431
355	8122	8699
356	6809	9521
357	8945	9521
358	8240	9530
359	8136	9552
360	7264	9553
361	8229	9556
362	8383	9563
363	6872	9595
364	5558	4706
365	4976	9605
366	6322	8715
367	8187	9634
368	6765	9647
369	8950	9686
370	3835	2740
371	6458	2742
372	6001	9840
373	6264	9855
374	6391	9876
375	9481	8059
376	7638	8782
377	5667	4776
378	8431	4781
379	2567	2779
380	5964	2861
381	6882	6792
382	8165	6808
383	6363	1663
384	3878	4808
385	4256	2805
386	4730	2844
387	3820	8478
388	5702	4888
389	2770	4894
390	4173	6900
391	2788	4905
392	5585	7873
393	5003	2890
394	6179	2937
395	8774	6144
396	7862	8956
397	3972	4950
398	8650	5698
399	8627	4988
400	8134	7016
401	7574	5031
402	8404	5046
403	8042	9056
404	3885	4115
405	5592	3069
406	4159	5076
407	3231	5078
408	8001	9091
409	4655	3083
410	7342	5098
411	3968	5112
412	6395	66
413	6610	87
414	9262	5846
415	5409	3131
416	7067	5143
417	4658	5147
418	6471	265
419	6530	269
420	8738	5165
421	7187	5168
422	6632	3170
423	8700	5176
424	8142	5186
425	6860	4543
426	7854	5195
427	7657	6145
428	7300	5199
429	8064	5203
430	6337	603
431	8492	5212
432	6460	634
433	7400	5229
434	6732	770
435	9052	7245
436	6828	811
437	7400	5250
438	5592	3253
439	8778	7271
440	8630	5759
441	8542	7276
442	8782	5274
443	6526	991
444	8135	5275
445	6273	1018
446	4286	6161
447	3718	3280
448	6507	9292
449	6297	1062
450	8009	5287
451	6785	1074
452	7021	7298
453	6733	1168
454	8654	9315
455	8851	9316
456	6421	1215
457	6814	1256
458	8525	9327
459	6461	6170
460	7111	5337
461	6613	1371
462	7346	9347
463	8452	5348
464	7161	5350
465	6937	1551
466	6692	1590
467	4290	7379
468	3509	7380
469	7576	5386
470	6470	1667
471	6994	1670
472	8124	6183
473	7638	5783
474	7614	5392
475	5668	5402
476	6238	3401
477	7068	1797
478	4233	5414
479	6479	1831
480	7105	1845
481	3887	7421
482	6810	1889
483	6782	1893
484	4951	1899
485	6911	1910
486	5186	1933
487	5712	1957
488	6503	1958
489	3823	4191
490	6752	9450
491	6385	2006
492	5145	2014
493	5226	2015
494	7247	2026
495	5797	3444
496	5344	2034
497	8587	5449
498	7687	5456
499	6245	2082
500	4557	3454
501	7155	2089
502	7170	2093
503	5325	2094
504	4145	6597
505	6099	2108
506	824	2124
507	5861	2130
508	6297	2134
509	5743	2134
510	6896	2137
511	9451	5466
512	7048	5467
513	4699	2152
514	8027	5468
515	5175	2176
516	7531	4599
517	6024	2211
518	7789	5478
519	6430	2229
520	6942	5487
521	5037	2267
522	4787	2285
523	5374	2291
524	7845	5491
525	6751	2309
526	6484	2315
527	6310	2325
528	6579	2335
529	5002	2339
530	5057	2344
531	6531	2371
532	4675	2384
533	5089	2390
534	4674	2399
535	6813	5510
536	2517	2407
537	7352	2410
538	4672	2416
539	5016	2457
540	9553	5809
541	6850	7530
542	2593	2525
543	6884	2550
544	6663	2567
545	6003	2570
546	3917	2575
547	2660	2607
548	1184	2621
549	7105	2633
550	916	2637
551	3459	2671
552	5047	2681
553	4201	2698
554	4958	2706
555	4821	2707
556	3240	2715
557	3166	2719
558	3826	2732
559	8700	5565
560	6974	7569
561	3539	2746
562	295	2759
563	3618	2760
564	5148	2770
565	549	2772
566	4629	2774
567	4260	3568
568	4472	2776
569	3902	2779
570	4457	2784
571	4703	2784
572	685	2795
573	3662	2829
574	4673	2836
575	8105	7822
576	2481	2854
577	5008	2870
578	709	2873
579	4810	2880
580	4156	2894
581	5991	2895
582	2505	2903
583	5856	2911
584	6493	2912
585	7040	2914
586	8318	5596
587	251	2924
588	2996	2928
589	5917	2954
590	5714	2956
591	5958	2959
592	2974	2961
593	6898	2962
594	5325	2964
595	3946	2977
596	981	2992
597	6864	2994
598	6004	3005
599	5669	3011
600	6448	3014
601	6474	3035
602	5884	3036
603	1012	3038
604	1198	3044
605	4125	3045
606	3106	3053
607	6079	3083
608	6121	3088
609	2524	3117
610	5823	3118
611	5752	3119
612	6829	3120
613	3747	3133
614	5312	3159
615	6259	3175
616	4624	5641
617	6381	3206
618	4832	3215
619	6166	3218
620	6685	3241
621	1530	3242
622	5259	3260
623	6000	3282
624	5697	3295
625	6380	3316
626	7074	3320
627	3761	3332
628	6375	3333
629	4079	3340
630	4321	3350
631	5429	3370
632	1738	3392
633	5564	3426
634	3372	3451
635	5344	3460
636	6165	3466
637	4246	3477
638	5481	3481
639	2244	3488
640	6050	3491
641	3438	3496
642	5686	3519
643	6189	3535
644	5938	3536
645	4666	3546
646	9532	5844
647	4211	3552
648	4150	3555
649	4228	3564
650	4222	3568
651	4670	3569
652	4101	3572
653	4724	3577
654	4394	3585
655	4304	3621
656	5224	3633
657	5262	3644
658	6814	3684
659	7219	7728
660	5333	3696
661	4757	3703
662	6786	3759
663	1809	3765
664	6120	3781
665	4130	3798
666	7552	5742
667	4413	3811
668	5754	3820
669	5382	3828
670	4463	3829
671	2641	3833
672	5598	3843
673	5589	3898
674	6037	7763
675	4433	3928
676	5185	3940
677	6115	3966
678	3752	3975
679	6681	3976
680	6766	3979
681	4676	3982
682	2873	4003
683	4000	4010
684	7769	4021
685	8039	7785
686	3512	4041
687	3044	3781
688	5727	4070
689	5770	4080
690	4730	4086
691	4767	4089
692	1879	4096
693	3758	4100
694	5908	4105
695	5232	4111
696	5637	4118
697	4805	4140
698	4076	4147
699	6219	4164
700	7274	6266
701	3932	4170
702	6738	4174
703	3633	4180
704	3209	4183
705	8927	7809
706	8167	4226
707	8193	4232
708	4205	4241
709	3481	4242
710	4472	4249
711	8764	4254
712	8062	4263
713	3938	4266
714	8295	5821
715	4790	4288
716	4813	4292
717	6071	4301
718	4444	4308
719	6136	4325
720	3643	4328
721	3714	4339
722	5009	4339
723	5363	4342
724	4073	4363
725	8380	4366
726	8167	4370
727	4067	4372
728	2506	4373
729	2573	4376
730	4158	4379
731	5033	4401
732	7011	4418
733	2578	4428
734	3590	4433
735	8237	5073
736	3453	4436
737	8978	4438
738	8323	7999
739	7379	4460
740	3783	4463
741	7571	4488
742	5293	4525
743	7878	4537
744	7188	4549
745	4985	4564
746	8362	4569
747	8124	4578
748	8345	4583
749	8438	4634
750	8561	4658
751	7261	4663
752	4116	4666
753	3947	4691
754	7987	4698
755	3712	4714
756	8630	4717
757	7732	4725
758	4732	4726
759	8067	4742
760	7647	5900
761	3997	4754
762	8152	4773
763	8444	4779
764	8572	4781
765	7245	4811
766	7337	4820
767	8120	4823
768	3790	4833
769	3810	4846
770	3624	4858
771	3825	4878
772	7996	4886
773	3597	4887
774	8601	4887
775	5331	4901
776	3566	4902
777	8326	4910
778	3137	4918
779	7349	4921
780	2935	4931
781	7209	4936
782	4016	4942
783	8522	4944
784	3850	4952
785	5405	4955
786	7547	4955
787	3954	4958
788	2739	4965
789	8551	4974
790	8091	4979
791	5425	4993
792	3810	5006
793	5366	5008
794	5498	5010
795	7981	5012
796	7921	5027
797	5575	5035
798	8181	5038
799	7545	5060
800	8952	5085
801	8750	5093
802	7301	5096
803	7105	5101
804	8131	5104
805	5561	5113
806	4050	5126
807	3525	5130
808	8112	5139
809	3161	5145
810	4486	5145
811	5148	5147
812	9145	5151
813	8759	5153
814	8246	5154
815	5692	5899
816	4474	5161
817	7418	7900
818	8719	5166
819	7552	5170
820	7433	5189
821	8246	5202
822	7922	5203
823	3192	5208
824	3184	5216
825	4024	5218
826	7629	5220
827	5090	1973
828	7751	5235
829	8533	5238
830	8181	5242
831	7015	5244
832	8183	5249
833	4192	5265
834	5134	5270
835	8030	5272
836	8607	5283
837	3141	5287
838	8313	5295
839	8968	5297
840	3167	5304
841	3801	3992
842	1918	3992
843	3092	5335
844	8085	5335
845	7696	5350
846	3786	5351
847	4024	5353
848	8683	5354
849	5268	5356
850	7144	5361
851	3457	5364
852	7542	5367
853	4879	5372
854	7626	5375
855	8270	5524
856	8416	5377
857	8319	5381
858	6987	5391
859	7620	5406
860	7573	5411
861	7244	8015
862	8058	5415
863	8984	6012
864	7969	5431
865	8174	5466
866	8590	5471
867	7841	5482
868	7713	5490
869	6898	5506
870	4331	5508
871	4144	5513
872	8553	5515
873	3934	5520
874	8843	5523
875	7826	5530
876	7799	5542
877	7855	5546
878	8710	5575
879	4247	5578
880	7520	5591
881	6882	5592
882	8031	5598
883	6852	5602
884	7537	5629
885	8528	5629
886	6954	5634
887	7633	6052
888	7360	5659
889	7045	5666
890	7903	4051
891	9146	5677
892	7634	5678
893	8396	5712
894	9459	5718
895	7384	5730
896	9046	5737
897	7898	5740
898	8795	5753
899	9563	5758
900	6930	5759
901	7761	5759
902	7704	5769
903	6830	5785
904	8320	4646
905	7601	5790
906	9072	5802
907	9244	5806
908	7333	5810
909	9321	5810
910	7561	5811
911	8508	5831
912	7828	5837
913	6933	5840
914	7116	5849
915	9044	5851
916	8378	5859
917	9431	5879
918	9132	5880
919	7480	5892
920	9580	5895
921	9374	5955
922	7517	4967
923	7497	8108
924	5834	8110
925	8124	5987
926	7896	5988
927	8944	5991
928	9608	5997
929	7476	6040
930	4175	6044
931	9455	6044
932	4242	6059
933	8350	6063
934	7775	6078
935	9446	6093
936	8591	6103
937	8199	6105
938	8533	6115
939	8560	6123
940	9203	6126
941	4148	6129
942	8044	6129

REQUESTS = 1000
1	300	15	16	1	2	1
2	413	24	25	2	3	2
3	722	11	13	3	2	2
4	416	20	21	1	4	3
5	365	18	19	1	3	2
6	855	12	14	2	3	2
7	885	5	8	2	3	3
8	661	1	3	2	2	1
9	104	13	14	1	1	3
10	686	11	14	1	4	2
11	451	15	18	1	2	2
12	592	6	7	3	4	2
13	901	3	5	3	3	2
14	100	17	20	3	2	1
15	319	20	22	2	3	3
16	664	6	7	1	2	2
17	914	21	24	2	1	2
18	621	1	4	1	3	2
19	769	11	14	3	4	1
20	455	25	26	1	4	1
21	372	13	16	1	4	3
22	877	15	17	1	2	2
23	761	1	4	2	3	2
24	14	6	9	3	2	1
25	918	16	18	2	4	2
26	578	16	19	1	4	2
27	779	13	16	1	4	3
28	218	11	13	2	2	1
29	726	16	18	2	3	2
30	605	12	15	3	4	3
31	588	5	6	3	4	1
32	191	9	11	3	1	2
33	853	11	14	3	2	2
34	135	21	22	1	2	2
35	830	2	4	1	2	1
36	655	5	7	2	3	2
37	699	17	19	3	4	2
38	777	8	9	3	4	1
39	232	24	25	2	2	2
40	379	20	22	2	4	1
41	512	18	21	2	3	1
42	758	12	14	3	4	2
43	756	11	13	3	2	1
44	517	15	16	2	2	2
45	778	3	4	3	4	1
46	6	7	8	1	3	3
47	487	15	16	3	2	2
48	9	23	25	2	4	1
49	875	12	15	2	3	1
50	841	5	8	3	4	2
51	123	11	12	3	2	1
52	70	11	14	1	1	2
53	624	4	5	3	3	2
54	230	24	25	2	3	3
55	80	21	22	3	3	3
56	264	18	21	3	1	3
57	268	17	19	3	2	1
58	500	15	18	2	4	2
59	660	5	8	1	4	1
60	42	19	21	2	1	1
61	301	21	22	1	3	2
62	491	14	15	3	4	3
63	735	21	22	3	3	3
64	214	18	19	3	2	2
65	228	10	12	2	2	1
66	641	14	17	1	1	1
67	573	19	22	3	2	1
68	728	9	12	2	3	2
69	625	13	16	3	4	2
70	282	1	2	2	3	2
71	774	25	28	1	3	2
72	283	19	22	2	1	3
73	293	24	25	1	2	1
74	844	18	21	3	4	1
75	204	23	24	2	3	2
76	693	17	20	2	3	1
77	658	14	16	3	1	3
78	568	24	27	1	4	1
79	501	14	17	3	2	1
80	178	24	27	3	1	1
81	476	3	4	1	2	1
82	403	5	8	3	2	2
83	912	21	23	3	3	3
84	842	23	25	1	2	2
85	13	19	20	1	3	3
86	590	3	5	2	4	2
87	181	10	12	3	3	2
88	39	25	26	2	3	2
89	79	10	11	1	1	3
90	676	23	24	1	2	1
91	20	24	26	2	1	3
92	290	12	14	2	1	2
93	143	8	9	2	2	1
94	238	24	25	1	2	1
95	96	15	16	2	1	2
96	648	10	13	3	4	3
97	718	21	23	3	4	1
98	819	20	23	1	3	2
99	453	13	14	3	2	2
100	389	19	22	3	4	1
101	840	1	3	3	1	1
102	567	20	22	3	1	1
103	11	2	3	1	4	1
104	171	4	6	2	4	2
105	277	16	18	2	2	1
106	347	9	11	2	3	2
107	46	9	11	1	3	1
108	701	22	24	2	2	2
109	802	9	10	1	3	3
110	446	18	19	1	4	2
111	654	25	27	3	4	2
112	928	10	13	2	4	2
113	120	15	17	1	2	2
114	50	26	29	1	2	1
115	684	26	27	2	1	2
116	412	8	9	2	3	1
117	60	23	26	1	2	1
118	665	17	20	3	4	2
119	571	11	12	3	2	1
120	707	4	6	1	1	3
121	889	20	23	1	1	3
122	642	5	7	1	1	3
123	109	16	17	2	2	2
124	653	23	25	2	3	1
125	614	17	19	2	2	2
126	97	10	12	3	2	2
127	394	25	27	3	3	2
128	271	26	29	1	3	3
129	97	25	26	2	2	1
130	466	23	25	3	4	3
131	190	24	26	1	4	3
132	821	5	7	3	1	3
133	91	15	17	2	1	2
134	255	26	27	2	4	2
135	462	4	7	1	3	1
136	335	6	8	3	1	3
137	180	6	9	3	2	1
138	196	12	14	3	1	1
139	224	13	16	1	1	2
140	152	13	14	3	4	1
141	528	22	25	1	2	1
142	763	8	11	2	4	2
143	520	1	3	1	1	3
144	396	24	27	2	3	1
145	586	11	12	2	2	2
146	911	16	18	3	4	1
147	582	13	16	3	4	3
148	220	23	24	3	3	1
149	628	3	5	2	3	3
150	691	27	28	2	3	2
151	165	21	24	2	1	2
152	708	1	2	1	4	1
153	254	3	5	3	1	1
154	424	14	15	1	3	1
155	438	26	28	1	4	3
156	407	20	22	3	1	2
157	772	23	24	2	4	1
158	38	19	21	1	1	3
159	37	10	13	1	1	2
160	666	18	20	3	1	1
161	890	4	6	3	3	2
162	198	24	25	1	1	1
163	481	6	8	3	4	3
164	709	2	4	1	1	2
165	338	24	27	3	1	3
166	773	5	6	3	2	1
167	110	19	20	3	4	3
168	253	2	4	1	2	2
169	790	25	26	1	1	3
170	561	20	22	1	3	3
171	43	21	24	2	1	1
172	876	24	27	1	2	2
173	222	5	8	1	1	1
174	743	8	11	2	2	1
175	576	19	21	1	3	3
176	497	9	10	1	1	1
177	387	1	2	2	1	1
178	98	5	6	2	2	1
179	897	23	24	2	2	2
180	750	7	10	3	2	2
181	930	16	17	3	2	1
182	108	15	18	2	4	3
183	105	2	5	3	2	1
184	677	21	24	3	1	1
185	242	23	25	2	2	1
186	401	2	4	1	1	3
187	535	1	3	1	2	1
188	426	25	28	2	2	1
189	781	14	15	3	2	1
190	278	15	17	3	4	1
191	617	22	23	2	1	1
192	667	19	20	2	1	1
193	536	6	9	1	4	2
194	721	9	11	3	2	1
195	131	10	12	1	4	1
196	342	18	20	1	3	1
197	712	25	26	2	4	3
198	92	7	8	2	2	1
199	869	25	27	1	2	1
200	571	6	9	3	1	1
201	518	12	13	1	4	2
202	831	12	13	1	2	2
203	715	21	24	1	2	2
204	549	17	18	3	4	2
205	663	5	7	3	1	1
206	738	5	7	3	4	3
207	201	9	10	2	1	3
208	545	16	18	1	1	1
209	873	24	26	1	3	2
210	575	8	10	1	2	1
211	585	20	21	1	2	2
212	270	2	5	3	3	3
213	706	20	21	2	4	3
214	352	5	7	3	1	3
215	259	11	12	3	4	2
216	459	1	2	3	3	3
217	634	4	6	1	3	2
218	745	22	23	1	1	2
219	113	23	26	2	3	2
220	150	23	24	1	1	2
221	740	19	21	1	4	3
222	556	3	6	3	4	1
223	475	24	26	1	4	1
224	32	28	29	1	4	1
225	533	16	19	2	1	3
226	163	22	25	3	1	2
227	124	21	23	3	1	2
228	73	12	15	2	3	1
229	797	3	4	3	1	2
230	368	22	23	2	3	1
231	376	17	19	2	3	1
232	247	12	14	3	1	3
233	469	8	9	1	2	2
234	493	26	27	3	4	2
235	468	20	23	3	3	2
236	122	19	22	2	3	2
237	118	21	22	1	3	2
238	626	20	21	3	1	2
239	597	26	28	1	3	3
240	431	23	25	2	1	3
241	78	28	29	1	2	1
242	263	4	7	1	4	1
243	505	10	13	2	2	1
244	35	18	20	2	3	2
245	289	20	22	1	1	1
246	308	8	9	2	2	1
247	923	25	27	2	2	1
248	292	16	19	3	2	1
249	526	1	3	3	4	1
250	248	6	8	2	2	1
251	216	25	28	2	2	1
252	437	21	24	1	3	1
253	146	26	27	2	3	3
254	689	19	21	3	3	3
255	21	1	3	3	4	1
256	543	4	5	2	1	3
257	197	15	17	3	4	3
258	749	18	20	3	3	3
259	250	21	24	2	3	3
260	374	22	25	3	4	3
261	93	17	18	3	2	2
262	938	27	28	1	2	2
263	529	21	22	3	2	2
264	554	9	12	3	3	1
265	208	14	16	2	1	3
266	55	1	4	3	4	3
267	724	19	21	1	3	3
268	2	7	8	1	2	1
269	280	22	24	3	4	2
270	252	25	27	3	1	1
271	564	18	19	2	4	3
272	331	8	11	1	3	1
273	792	8	10	2	2	1
274	649	22	24	1	2	2
275	837	15	16	3	1	1
276	86	22	23	3	3	1
277	158	8	9	1	4	1
278	647	8	9	3	3	1
279	739	7	10	1	4	1
280	355	3	4	3	4	1
281	381	10	11	2	4	1
282	405	15	16	3	3	1
283	507	16	18	2	2	2
284	574	17	20	1	3	2
285	489	8	11	1	1	1
286	550	11	14	3	1	3
287	239	7	8	2	2	1
288	864	16	18	2	2	1
289	30	1	4	2	3	1
290	90	15	17	1	4	1
291	467	10	13	2	2	2
292	318	3	5	1	3	1
293	330	13	16	2	2	2
294	540	19	22	1	3	3
295	610	4	5	2	3	1
296	409	14	17	2	3	1
297	408	3	5	1	3	2
298	744	13	15	3	1	1
299	627	2	5	3	4	1
300	559	8	11	1	2	2
301	727	14	17	1	2	2
302	157	21	22	3	2	1
303	54	25	27	2	3	1
304	29	19	21	3	3	1
305	156	11	13	3	2	2
306	456	25	27	1	2	1
307	161	2	4	3	2	1
308	884	2	3	3	1	3
309	272	13	15	2	4	2
310	758	27	28	2	2	2
311	35	23	26	2	2	2
312	87	16	18	1	3	2
313	326	23	24	2	1	3
314	510	2	4	1	3	1
315	921	3	4	2	2	1
316	730	25	26	3	2	1
317	153	26	28	1	4	2
318	710	21	22	1	2	1
319	848	19	22	2	3	1
320	356	1	3	3	2	1
321	77	20	21	1	2	2
322	794	13	16	2	3	3
323	796	15	16	1	2	1
324	82	5	7	3	1	2
325	337	2	4	3	3	1
326	828	17	19	2	2	1
327	530	21	24	1	3	1
328	351	21	23	2	2	2
329	546	23	25	1	4	1
330	121	13	16	1	1	3
331	458	20	22	3	3	2
332	430	6	7	1	3	2
333	145	14	17	3	2	2
334	67	3	4	3	4	1
335	284	11	12	1	2	2
336	31	25	27	3	2	1
337	679	19	21	1	3	1
338	206	20	21	1	4	3
339	275	17	20	1	4	2
340	443	10	12	3	2	2
341	657	13	15	2	1	3
342	927	21	22	3	2	2
343	59	13	16	3	4	1
344	895	28	29	1	2	1
345	364	7	8	3	3	2
346	294	23	24	2	2	2
347	703	7	9	3	2	1
348	826	7	10	1	4	1
349	26	24	25	3	1	2
350	435	8	11	3	1	2
351	591	12	14	1	1	2
352	119	13	16	2	4	1
353	192	23	24	2	1	1
354	354	3	4	2	4	2
355	685	19	20	1	4	2
356	94	9	12	2	1	1
357	428	11	13	2	2	1
358	213	15	16	2	2	2
359	851	7	9	3	2	2
360	361	26	27	1	2	2
361	596	5	6	3	3	1
362	215	5	6	1	1	1
363	269	13	15	2	1	3
364	449	27	29	1	4	3
365	302	16	19	2	4	1
366	210	22	25	3	2	2
367	194	10	11	3	1	1
368	675	9	12	1	2	2
369	27	17	20	1	4	2
370	472	11	12	1	2	2
371	349	5	7	3	4	1
372	457	19	20	1	2	2
373	103	7	10	2	4	3
374	129	17	18	2	3	2
375	410	8	9	2	1	2
376	10	7	8	3	4	1
377	483	18	21	3	4	2
378	697	4	6	2	1	2
379	482	26	27	2	2	2
380	725	1	4	3	1	1
381	893	20	23	2	1	2
382	865	24	26	2	3	2
383	488	14	15	3	3	1
384	799	5	8	2	1	1
385	134	7	9	3	3	1
386	776	2	4	2	3	1
387	344	15	17	2	4	3
388	917	26	27	3	1	3
389	299	26	27	1	1	3
390	813	9	12	2	4	2
391	638	20	23	1	2	2
392	297	3	6	3	1	3
393	321	14	16	3	2	2
394	91	24	27	3	3	2
395	378	18	19	3	4	1
396	205	1	2	1	2	1
397	362	10	11	2	3	2
398	258	20	22	2	1	3
399	612	15	16	3	3	2
400	144	11	12	3	1	2
401	870	14	17	2	1	1
402	187	19	21	2	4	2
403	212	9	11	3	3	2
404	656	22	25	1	3	2
405	651	10	13	2	3	2
406	444	4	7	3	3	2
407	622	23	26	2	4	2
408	878	20	21	2	4	3
409	117	3	5	1	1	3
410	484	14	16	3	2	1
411	136	9	12	3	2	1
412	902	9	10	1	1	3
413	53	9	11	2	1	1
414	941	15	18	3	2	2
415	181	6	9	3	2	2
416	306	20	22	3	2	2
417	712	10	13	1	2	1
418	12	10	12	3	3	3
419	309	15	17	3	3	2
420	245	9	11	2	3	2
421	882	16	19	2	4	3
422	643	4	5	1	2	1
423	771	10	12	1	2	2
424	694	10	12	3	1	3
425	593	7	10	3	2	1
426	863	13	16	1	2	2
427	68	20	23	1	2	1
428	75	25	26	1	2	2
429	140	17	20	1	4	2
430	231	17	20	2	4	2
431	856	12	14	1	3	2
432	400	22	24	3	2	2
433	445	27	29	1	4	2
434	317	27	28	1	2	1
435	563	23	24	2	4	3
436	525	2	4	1	2	2
437	812	7	8	2	1	1
438	601	6	7	1	2	1
439	801	16	19	2	3	1
440	557	27	28	2	2	1
441	887	18	19	2	2	2
442	397	1	2	2	1	1
443	900	8	11	1	3	3
444	329	25	26	1	1	2
445	619	10	11	1	4	3
446	265	5	8	3	4	3
447	767	10	13	2	4	3
448	357	15	16	2	2	2
449	229	7	10	3	3	1
450	454	18	21	1	1	2
451	315	1	3	3	1	3
452	805	4	5	1	1	2
453	753	25	27	1	4	3
454	495	2	4	3	1	3
455	148	8	10	2	2	2
456	521	12	15	1	4	2
457	525	21	23	3	3	3
458	43	6	8	1	1	2
459	892	19	21	3	2	1
460	473	4	7	1	4	3
461	346	18	21	3	2	2
462	552	9	11	2	4	3
463	516	10	12	3	4	3
464	423	11	14	3	4	3
465	581	17	20	1	1	2
466	74	17	19	1	4	1
467	40	10	12	2	4	2
468	838	20	22	1	2	1
469	640	11	12	2	3	1
470	849	14	16	1	1	1
471	195	27	28	1	4	1
472	418	24	25	1	3	1
473	544	6	7	2	3	2
474	878	19	20	2	2	1
475	399	25	26	1	2	1
476	698	2	5	2	3	3
477	906	3	6	3	3	1
478	375	2	5	3	4	1
479	311	12	14	1	4	1
480	471	23	25	3	4	3
481	182	2	5	3	1	1
482	736	15	17	1	2	2
483	924	25	28	2	4	2
484	18	3	4	1	3	1
485	69	11	13	3	3	3
486	811	5	6	3	1	3
487	111	18	20	3	2	1
488	281	22	25	1	1	3
489	903	9	12	2	1	2
490	506	3	4	1	1	3
491	599	10	13	1	4	3
492	427	12	14	3	2	2
493	18	22	24	1	4	1
494	3	24	26	1	3	2
495	309	1	4	2	4	1
496	579	8	11	3	4	3
497	560	26	28	1	3	2
498	234	12	15	3	4	1
499	65	1	3	3	2	1
500	815	23	26	2	2	1
501	348	17	18	2	4	3
502	44	2	4	3	4	3
503	646	23	26	3	1	3
504	611	12	14	3	2	1
505	793	24	27	2	4	2
506	240	23	24	3	3	3
507	562	3	6	3	4	2
508	275	4	7	1	3	1
509	223	10	12	1	4	2
510	177	2	3	1	4	3
511	367	23	24	3	3	1
512	504	10	13	2	2	2
513	257	19	22	2	3	3
514	88	10	11	1	1	1
515	266	27	28	1	3	3
516	937	9	12	3	1	2
517	346	8	11	2	1	1
518	880	13	15	1	2	1
519	316	22	24	3	1	3
520	594	8	9	2	4	3
521	503	21	22	2	1	3
522	498	18	20	2	4	2
523	366	13	15	2	3	2
524	541	13	14	3	4	2
525	436	9	11	3	4	3
526	523	10	12	2	4	3
527	295	5	6	1	1	3
528	832	26	29	1	3	1
529	609	5	6	2	1	3
530	894	15	18	2	2	1
531	494	19	22	2	2	2
532	915	8	10	2	3	3
533	404	26	28	2	3	1
534	555	6	8	1	3	1
535	827	12	15	2	3	3
536	14	1	4	2	1	1
537	450	28	29	1	1	1
538	862	17	19	1	1	1
539	66	21	22	1	3	2
540	183	13	15	3	3	2
541	64	4	5	1	2	2
542	332	4	6	1	1	3
543	939	22	23	1	3	3
544	425	6	8	1	3	1
545	687	23	26	2	3	3
546	942	3	5	2	2	2
547	717	5	8	2	4	1
548	780	22	25	1	3	1
549	334	26	29	1	3	2
550	225	11	14	1	2	1
551	659	2	5	2	3	1
552	803	22	23	3	4	2
553	931	13	16	3	2	1
554	343	9	11	3	1	1
555	695	2	4	3	3	1
556	587	25	28	1	1	2
557	236	22	25	1	4	3
558	673	17	19	2	2	2
559	83	22	25	3	4	3
560	460	7	10	2	4	2
561	478	9	11	3	3	2
562	390	18	21	1	1	3
563	595	4	7	3	1	2
564	782	13	14	3	4	1
565	345	17	20	2	3	3
566	63	22	25	1	1	1
567	604	1	4	3	1	2
568	305	3	6	2	1	1
569	644	7	9	1	2	2
570	1	20	23	1	1	1
571	384	3	5	1	4	1
572	532	21	24	1	4	1
573	899	1	2	2	3	3
574	138	19	21	2	2	1
575	62	11	13	1	4	1
576	809	10	11	2	1	1
577	940	16	18	1	2	1
578	527	9	10	3	4	1
579	215	18	20	3	4	1
580	843	18	21	2	2	1
581	558	24	26	2	1	2
582	106	7	10	1	1	3
583	246	7	8	3	1	2
584	130	24	26	1	1	3
585	511	22	23	2	1	2
586	402	8	11	3	1	3
587	90	17	18	2	1	2
588	662	25	27	1	4	2
589	484	5	8	3	4	3
590	314	26	28	2	3	3
591	787	7	8	2	3	2
592	9	9	12	1	2	1
593	607	24	27	3	2	2
594	836	13	15	3	4	3
595	735	10	13	3	1	1
596	256	3	4	2	3	1
597	704	10	11	2	4	3
598	868	18	20	3	4	3
599	807	4	6	3	4	3
600	167	7	8	2	3	2
601	147	10	12	3	2	1
602	548	7	9	3	3	1
603	669	6	9	1	3	2
604	608	18	21	3	2	1
605	720	18	21	3	1	1
606	155	8	9	1	4	2
607	101	6	7	3	1	1
608	286	5	8	3	2	2
609	645	15	18	2	1	1
610	762	11	13	2	1	2
611	287	23	26	2	2	1
612	606	10	12	3	1	3
613	919	18	20	1	3	3
614	620	6	9	3	3	3
615	580	25	26	1	1	3
616	369	10	11	2	1	2
617	480	25	28	2	2	2
618	603	3	5	3	1	1
619	420	15	16	2	1	2
620	186	13	16	2	3	1
621	133	8	11	1	2	1
622	630	17	18	1	1	3
623	755	17	19	3	1	2
624	363	3	6	2	2	1
625	291	3	6	1	1	1
626	58	10	12	3	1	2
627	766	26	27	3	3	3
628	909	25	26	2	2	1
629	747	11	14	2	4	1
630	8	22	23	2	1	1
631	515	23	26	1	4	1
632	132	1	4	3	4	2
633	904	22	25	2	2	1
634	942	22	23	3	2	2
635	175	14	17	3	1	3
636	764	3	5	3	2	1
637	633	25	26	2	2	2
638	808	6	8	1	3	2
639	499	9	11	1	1	1
640	170	10	12	2	1	1
641	464	23	26	2	1	3
642	442	17	18	3	4	3
643	419	12	15	2	2	2
644	102	6	9	3	2	1
645	298	4	6	2	2	1
646	333	12	15	1	3	1
647	765	3	6	2	1	1
648	731	26	28	1	4	2
649	185	15	16	3	1	3
650	708	26	28	2	4	2
651	584	13	14	3	2	2
652	61	14	17	2	3	3
653	328	10	11	3	1	2
654	874	6	8	3	3	1
655	166	14	17	2	1	1
656	15	22	25	1	3	2
657	509	3	5	1	3	1
658	174	12	14	1	2	2
659	141	17	20	3	3	3
660	907	11	14	1	4	2
661	276	21	22	2	1	2
662	323	23	25	3	4	3
663	729	2	4	3	2	2
664	713	24	26	2	1	1
665	674	3	5	3	3	2
666	702	9	12	1	3	2
667	519	9	12	2	4	3
668	325	8	9	3	3	3
669	776	1	2	3	4	2
670	179	27	28	1	4	3
671	142	13	14	1	2	2
672	534	4	6	3	1	3
673	474	6	8	2	3	1
674	913	6	7	2	2	1
675	227	22	25	2	4	1
676	852	22	24	1	2	2
677	175	11	14	3	2	1
678	760	16	17	2	2	2
679	623	9	11	3	2	1
680	818	9	11	2	4	1
681	910	3	5	2	2	1
682	162	10	12	2	1	3
683	741	21	23	2	4	1
684	71	10	11	1	3	2
685	814	15	17	3	2	1
686	719	21	23	1	4	1
687	388	13	14	3	3	3
688	688	17	20	3	4	3
689	746	16	17	1	4	1
690	141	12	14	1	2	1
691	639	19	22	3	1	1
692	629	4	7	3	4	3
693	800	7	9	2	1	3
694	4	21	23	3	1	1
695	373	4	6	2	1	1
696	602	9	10	1	4	3
697	925	1	4	3	1	3
698	360	8	11	1	2	1
699	784	22	23	3	2	1
700	350	24	27	1	2	1
701	82	24	26	1	2	2
702	172	1	3	3	2	1
703	320	9	11	2	4	1
704	733	10	12	1	1	1
705	881	23	24	3	1	3
706	716	1	4	3	1	2
707	447	18	20	2	4	2
708	159	16	18	2	2	2
709	47	20	22	2	4	3
710	398	1	4	2	2	2
711	279	11	12	1	1	3
712	916	3	6	2	2	2
713	25	3	6	1	3	3
714	126	13	15	1	4	1
715	392	10	11	3	3	1
716	798	25	27	1	2	2
717	569	18	20	2	2	1
718	670	18	20	2	3	1
719	531	18	20	2	1	2
720	465	23	24	1	3	2
721	353	19	22	1	3	3
722	439	18	20	3	3	1
723	424	1	3	1	3	2
724	867	6	8	2	3	3
725	681	19	20	2	3	1
726	935	11	13	3	3	2
727	202	9	12	2	4	1
728	221	4	5	3	4	2
729	33	11	12	3	4	2
730	296	8	11	2	3	2
731	34	9	11	3	2	1
732	478	7	10	2	2	2
733	243	6	8	2	1	1
734	598	25	26	2	1	2
735	668	11	14	3	2	2
736	820	16	19	2	1	3
737	791	19	21	2	1	1
738	845	15	18	1	2	1
739	164	11	13	1	2	1
740	795	25	28	1	2	2
741	241	7	9	3	1	1
742	490	6	9	1	2	1
743	461	24	26	3	3	2
744	84	13	14	2	4	3
745	652	7	8	2	4	2
746	860	8	9	3	3	2
747	45	13	16	1	2	1
748	358	16	19	3	4	2
749	768	12	15	1	4	1
750	251	13	14	3	1	2
751	274	20	22	1	4	1
752	200	5	7	1	4	1
753	502	11	14	3	2	2
754	711	8	9	1	4	3
755	324	17	20	1	1	2
756	572	1	3	2	4	3
757	348	5	7	2	2	1
758	244	15	16	2	2	1
759	759	12	14	3	3	1
760	260	5	6	2	3	2
761	817	10	13	3	3	3
762	313	23	24	3	3	1
763	341	24	25	1	1	3
764	857	15	16	3	3	1
765	611	17	19	1	4	3
766	421	9	10	2	2	2
767	249	17	19	1	1	1
768	451	22	23	1	3	2
769	686	18	21	3	4	3
770	411	7	9	1	4	3
771	770	2	5	1	1	3
772	631	23	24	1	3	1
773	788	23	26	2	4	1
774	5	6	7	2	3	1
775	310	15	17	2	1	1
776	434	8	10	2	1	3
777	816	21	22	3	4	1
778	261	24	26	1	2	1
779	217	18	20	1	4	3
780	273	24	25	3	4	1
781	486	17	19	3	2	1
782	635	18	21	2	4	3
783	24	24	26	1	2	2
784	637	23	25	1	3	2
785	28	10	13	3	3	3
786	810	21	22	3	3	1
787	898	23	26	3	1	3
788	879	22	24	2	3	2
789	737	11	14	2	4	2
790	538	15	17	3	3	3
791	671	23	24	1	1	3
792	395	26	28	1	1	2
793	636	17	20	1	3	2
794	908	13	16	2	4	1
795	7	25	27	1	2	1
796	188	2	5	3	2	2
797	754	24	27	2	4	3
798	789	13	15	2	1	2
799	537	10	11	3	1	2
800	149	10	13	3	2	2
801	133	7	9	3	4	3
802	226	23	25	1	2	2
803	613	13	16	1	2	2
804	682	6	9	2	2	1
805	414	25	27	3	3	3
806	672	27	28	2	2	2
807	209	5	6	3	2	2
808	432	13	15	3	4	2
809	732	9	12	2	3	2
810	156	18	21	2	1	1
811	81	6	8	1	3	2
812	211	9	11	1	1	2
813	577	13	14	1	1	3
814	34	17	19	2	4	1
815	237	11	13	2	2	2
816	452	9	12	3	4	1
817	834	18	20	1	2	2
818	290	7	8	2	3	3
819	866	19	20	3	3	2
820	477	13	16	3	4	1
821	696	23	25	2	2	2
822	835	11	14	2	3	3
823	492	7	8	2	1	1
824	307	21	23	3	4	1
825	57	9	11	1	3	2
826	128	3	6	3	4	2
827	262	19	21	2	4	1
828	597	24	25	2	4	2
829	189	15	17	3	4	3
830	847	11	13	3	2	1
831	193	4	6	1	1	2
832	932	6	8	1	4	1
833	748	18	20	2	1	2
834	422	10	13	3	4	1
835	690	18	20	1	2	1
836	115	4	6	3	3	3
837	463	8	10	2	4	1
838	824	2	3	3	3	3
839	49	17	20	3	2	1
840	934	23	24	1	1	1
841	936	8	9	3	2	1
842	322	1	2	3	4	2
843	433	13	16	2	1	3
844	700	21	22	3	1	3
845	583	15	16	2	1	1
846	56	1	3	1	1	3
847	858	19	20	1	4	1
848	479	10	12	3	2	1
849	751	13	15	3	1	1
850	539	13	14	2	2	1
851	785	10	11	2	1	2
852	854	11	13	3	1	1
853	327	5	7	1	4	3
854	417	2	4	2	4	1
855	114	14	15	1	3	2
856	344	26	29	1	3	2
857	391	6	9	1	1	2
858	632	14	15	1	1	1
859	72	7	8	3	1	3
860	513	5	6	3	4	2
861	508	17	18	3	2	2
862	203	8	11	1	2	1
863	337	11	12	1	2	1
864	377	13	15	1	3	1
865	470	20	21	2	4	1
866	886	2	3	1	4	1
867	56	13	16	3	4	2
868	814	4	7	3	4	3
869	173	24	27	3	4	2
870	829	17	18	3	3	2
871	285	6	7	2	2	1
872	107	7	8	1	1	3
873	883	5	8	2	3	1
874	933	3	4	1	3	1
875	485	23	25	1	2	2
876	734	8	10	1	2	2
877	267	26	28	2	3	3
878	336	19	20	1	1	1
879	22	10	12	3	2	2
880	386	9	10	2	3	1
881	806	8	10	2	1	3
882	436	22	25	2	3	3
883	154	5	6	3	4	1
884	169	17	19	3	4	2
885	52	6	9	3	3	1
886	473	22	25	3	3	2
887	441	9	12	3	3	2
888	615	5	8	1	2	1
889	406	26	28	1	1	2
890	168	12	14	3	1	1
891	825	10	13	3	2	2
892	589	27	28	1	3	3
893	692	15	18	2	3	1
894	340	23	25	2	2	1
895	553	6	7	3	1	2
896	846	15	16	3	2	1
897	41	11	14	2	1	1
898	382	21	22	1	1	1
899	566	6	7	2	4	1
900	823	21	24	1	1	1
901	448	13	16	3	2	2
902	716	17	19	1	2	1
903	288	19	21	2	3	1
904	17	3	6	1	3	2
905	176	22	24	3	2	1
906	95	18	19	2	4	2
907	415	10	11	1	3	2
908	125	4	5	3	3	1
909	775	15	17	2	1	2
910	85	13	14	1	2	2
911	714	20	21	1	1	3
912	888	2	3	1	1	1
913	752	22	24	2	2	2
914	359	24	27	2	1	2
915	786	16	19	3	2	2
916	385	22	23	2	3	2
917	207	2	3	1	3	2
918	742	24	25	3	3	1
919	926	24	27	1	1	3
920	51	23	25	2	4	2
921	922	19	22	3	4	1
922	600	12	13	1	4	2
923	757	13	16	2	4	1
924	235	19	21	3	3	3
925	199	22	25	1	1	2
926	723	2	5	3	2	2
927	48	19	21	1	2	1
928	33	15	18	1	2	1
929	850	16	19	1	2	1
930	920	24	27	3	3	2
931	547	16	19	1	1	2
932	941	3	4	2	3	3
933	683	4	5	3	3	1
934	19	19	22	3	4	2
935	542	9	10	3	3	2
936	184	10	12	2	3	1
937	594	22	25	2	3	3
938	522	4	6	1	2	2
939	312	2	5	3	2	2
940	839	7	8	1	1	3
941	237	1	3	3	1	2
942	680	18	21	3	1	2
943	160	11	13	2	4	2
944	127	20	22	1	3	2
945	89	19	22	2	4	3
946	233	14	15	3	4	2
947	417	13	14	2	3	3
948	139	2	5	1	1	1
949	445	4	6	1	1	1
950	524	16	17	1	4	3
951	339	11	14	3	2	2
952	36	8	9	3	4	1
953	304	25	28	1	1	2
954	151	9	12	2	2	2
955	16	9	10	1	1	2
956	380	7	9	2	2	1
957	618	18	21	3	3	1
958	678	8	10	2	2	2
959	383	16	19	3	2	2
960	303	26	29	1	2	1
961	905	5	7	3	4	2
962	393	17	20	2	1	2
963	23	12	14	3	3	3
964	219	9	11	2	2	2
965	617	10	13	2	4	1
966	330	10	13	1	1	1
967	694	19	22	2	4	2
968	929	1	3	1	2	2
969	112	13	14	1	1	2
970	551	9	12	1	4	1
971	99	21	23	1	2	2
972	705	3	4	1	3	3
973	565	19	21	2	1	1
974	658	1	2	3	1	3
975	371	21	23	2	3	3
976	891	5	7	3	1	3
977	137	22	25	2	3	2
978	217	25	28	1	2	2
979	440	13	16	2	3	1
980	616	27	29	1	2	2
981	116	17	20	2	4	1
982	650	16	19	2	1	3
983	95	12	15	3	1	1
984	859	7	10	3	2	1
985	315	6	9	2	4	3
986	790	21	23	3	3	3
987	496	3	4	2	4	3
988	570	18	19	1	1	1
989	822	19	22	2	1	2
990	370	19	21	3	1	2
991	896	6	9	2	2	2
992	514	21	24	3	2	2
993	429	6	9	1	1	2
994	76	11	13	2	3	1
995	804	13	16	2	4	2
996	872	12	13	3	1	3
997	783	22	23	2	2	1
998	833	21	23	2	4	1
999	871	16	19	1	4	1
1000	861	14	17	3	3	1

