DATASET = All time best instance set VeRoLog competition
NAME = tools over vehicle days over vehicles over distance with 100 requests over 5 days

DAYS = 5
CAPACITY = 40
MAX_TRIP_DISTANCE = 20000
DEPOT_COORDINATE = 0

VEHICLE_COST = 5000
VEHICLE_DAY_COST = 400000
DISTANCE_COST = 1

TOOLS = 2
1	3	74	10000000
2	6	68	10000000

COORDINATES = 101
0	7688	8161
1	7470	6207
2	7683	6601
3	8268	6629
4	7030	6653
5	3983	6665
6	7125	6814
7	4290	7026
8	4330	7222
9	7516	7358
10	7293	7394
11	8710	7489
12	8055	4366
13	5712	7665
14	6413	7726
15	5429	7731
16	6652	6406
17	8795	8424
18	9462	7957
19	7639	8156
20	5908	8186
21	6137	8286
22	7414	8347
23	6653	8415
24	8528	8566
25	4575	4539
26	5870	8598
27	7679	8619
28	6109	8620
29	6313	8700
30	5776	8740
31	5558	8834
32	5171	4620
33	7970	9128
34	7685	9305
35	6718	9487
36	5429	4855
37	6936	8870
38	7714	4890
39	7483	6955
40	7599	5125
41	8379	5196
42	5250	5769
43	6903	1317
44	2993	4976
45	4233	5414
46	5186	1933
47	7247	2026
48	5212	2055
49	5091	2165
50	6523	9415
51	7105	2633
52	5498	2913
53	5322	3039
54	7837	5631
55	5259	3260
56	6522	3280
57	5169	3339
58	6562	3394
59	5343	3399
60	5269	3448
61	4078	3490
62	3602	3533
63	2558	3650
64	4421	3734
65	3758	4100
66	7987	4125
67	3997	4208
68	4480	4243
69	7735	4435
70	8978	4438
71	7960	4482
72	8074	4495
73	3760	4499
74	8467	4505
75	3342	4545
76	4116	4572
77	7454	8004
78	7917	5895
79	8437	4791
80	7337	4820
81	7820	4826
82	4044	4904
83	8663	4949
84	5777	5139
85	5116	5151
86	9081	5186
87	8331	5316
88	7985	5368
89	8018	5389
90	2619	3906
91	5264	4009
92	7774	5580
93	7675	5674
94	8674	5858
95	8804	5885
96	9034	5908
97	8902	5946
98	9129	5984
99	8395	6038
100	8284	6038

REQUESTS = 100
1	25	1	2	1	1	3
2	36	2	4	1	2	1
3	86	2	3	2	1	3
4	35	1	3	1	2	3
5	90	1	2	3	1	2
6	52	1	2	3	2	1
7	18	1	4	1	2	2
8	100	2	3	2	1	2
9	82	2	3	2	1	1
10	31	1	2	3	2	2
11	12	1	2	1	1	3
12	32	1	2	1	2	1
13	67	1	3	2	2	1
14	57	1	2	3	2	1
15	69	1	3	2	1	3
16	47	1	2	3	2	2
17	91	3	4	1	1	2
18	39	1	2	3	2	3
19	97	1	2	3	1	3
20	85	1	2	3	2	3
21	1	3	4	1	1	3
22	43	2	3	1	2	2
23	44	1	3	2	2	2
24	89	1	4	1	2	2
25	27	1	2	3	2	3
26	62	1	2	3	1	1
27	98	1	3	1	1	1
28	9	1	3	1	2	2
29	50	1	2	3	2	1
30	72	1	4	1	2	2
31	93	1	3	2	1	2
32	30	1	4	1	1	1
33	95	1	4	1	2	1
34	66	1	2	3	1	2
35	10	1	2	3	2	1
36	16	2	3	1	2	3
37	14	1	2	3	2	1
38	6	1	2	3	1	2
39	28	1	3	1	1	1
40	51	2	3	1	2	2
41	46	2	3	2	2	2
42	83	1	3	1	1	1
43	77	1	2	3	2	1
44	37	2	3	2	2	1
45	99	1	3	2	2	1
46	76	1	3	1	1	1
47	70	1	2	3	1	1
48	49	1	2	3	1	1
49	24	1	2	3	2	1
50	26	2	3	2	2	1
51	45	1	2	3	2	1
52	4	1	2	2	2	2
53	40	2	4	1	2	2
54	65	1	2	3	1	3
55	33	1	2	3	1	3
56	21	2	3	1	1	1
57	92	1	2	1	2	2
58	94	1	2	2	1	1
59	15	1	2	3	1	1
60	48	2	4	1	2	3
61	71	1	2	3	2	1
62	23	1	4	1	2	1
63	56	2	3	2	2	2
64	29	1	4	1	1	1
65	59	1	2	3	1	2
66	64	1	2	3	2	2
67	8	1	2	3	1	2
68	84	1	3	2	1	1
69	42	1	3	2	2	2
70	7	1	2	3	2	3
71	55	1	4	1	2	3
72	38	1	4	1	1	2
73	53	1	2	3	2	2
74	22	1	2	3	1	1
75	41	1	2	3	2	2
76	60	3	4	1	1	3
77	81	1	4	1	1	3
78	80	1	2	1	2	2
79	61	1	2	3	1	1
80	5	1	2	2	2	3
81	75	1	3	2	1	3
82	19	1	2	3	1	3
83	88	1	3	1	1	2
84	96	1	2	3	2	1
85	17	2	4	1	1	2
86	79	1	2	3	2	3
87	74	1	2	2	1	2
88	3	2	4	1	1	1
89	11	2	3	2	2	1
90	87	1	3	1	2	1
91	63	1	2	3	1	3
92	20	2	3	1	1	3
93	34	1	2	3	1	2
94	73	1	2	3	1	1
95	68	1	2	3	2	2
96	13	1	2	3	2	1
97	54	1	2	3	2	1
98	2	1	2	3	2	2
99	78	1	4	1	2	3
100	58	1	4	1	1	3

