DATASET = All time best instance set VeRoLog competition
NAME = tools over distance over vehicle days over vehicles with 100 requests over 5 days

DAYS = 5
CAPACITY = 45
MAX_TRIP_DISTANCE = 16000
DEPOT_COORDINATE = 0

VEHICLE_COST = 1
VEHICLE_DAY_COST = 1000
DISTANCE_COST = 500000

TOOLS = 2
1	6	82	10000000
2	15	82	10000000

COORDINATES = 101
0	3976	3992
1	8275	6267
2	7679	6273
3	8445	6343
4	6460	6518
5	7373	6605
6	7666	6614
7	4190	6670
8	8480	6887
9	3885	6890
10	8490	6946
11	7478	6951
12	8559	4273
13	7443	7253
14	8011	7434
15	6918	7542
16	7680	7599
17	4654	4425
18	5440	7964
19	7932	8461
20	6920	8157
21	9730	8188
22	7755	8233
23	7087	8313
24	7634	8349
25	5467	8372
26	7412	8520
27	6475	8542
28	5571	8559
29	5862	8558
30	6846	8788
31	5589	8842
32	7206	8917
33	7336	9041
34	6334	9087
35	7767	9300
36	8115	9362
37	8043	9386
38	7203	9470
39	7102	9504
40	8187	9634
41	5710	4844
42	7955	6993
43	7574	5031
44	8835	5920
45	6863	49
46	3511	5125
47	7225	7147
48	6878	7742
49	4867	3186
50	7657	6145
51	6937	1551
52	6971	1606
53	67	1875
54	3615	3430
55	405	2069
56	5014	2370
57	5810	2620
58	1227	2628
59	5684	2757
60	6112	2881
61	2974	2961
62	1198	3044
63	3409	3058
64	6313	3208
65	5437	3405
66	6338	3524
67	5826	3587
68	9052	5854
69	6328	4074
70	4196	4128
71	6828	4154
72	5112	4231
73	4294	4338
74	6020	4344
75	8598	4389
76	8209	4502
77	8030	4510
78	8730	4677
79	7984	4748
80	7897	4856
81	4044	4904
82	5499	4984
83	7280	4999
84	8750	5093
85	3684	5219
86	8480	5249
87	8058	5415
88	8881	5439
89	4106	5510
90	4605	5579
91	6882	5592
92	7324	5626
93	9079	5862
94	4081	4083
95	7376	5881
96	9529	5904
97	9034	5908
98	9153	5974
99	7815	6043
100	4310	6107

REQUESTS = 100
1	14	1	4	1	1	1
2	39	1	4	1	2	1
3	35	1	2	3	2	2
4	56	2	3	2	2	1
5	60	2	3	2	2	1
6	72	1	2	1	1	1
7	6	1	2	1	1	2
8	4	2	3	2	1	2
9	79	1	2	3	1	3
10	8	1	2	3	1	1
11	40	1	3	1	1	1
12	7	1	3	2	2	3
13	37	1	2	3	1	1
14	93	2	3	1	2	2
15	53	2	3	2	2	1
16	91	1	3	2	2	2
17	18	1	3	2	2	1
18	13	1	2	3	2	3
19	74	2	3	1	1	2
20	16	1	2	3	2	3
21	3	1	2	3	2	1
22	94	1	3	2	1	2
23	76	1	2	2	1	1
24	96	2	3	1	1	1
25	36	1	2	3	1	3
26	55	1	2	2	2	3
27	11	1	2	3	1	3
28	83	2	3	1	2	2
29	30	1	3	2	1	1
30	10	1	2	3	2	1
31	89	1	3	2	2	2
32	97	1	2	3	2	1
33	58	1	3	1	1	2
34	85	1	4	1	2	1
35	61	1	4	1	1	3
36	57	1	2	3	2	3
37	81	2	3	2	2	1
38	45	1	2	3	2	1
39	68	1	3	2	1	2
40	99	1	3	2	1	2
41	65	1	2	3	1	1
42	38	1	2	3	2	2
43	75	1	2	3	2	2
44	42	1	2	2	2	2
45	28	1	2	2	2	3
46	5	1	2	3	1	3
47	41	1	2	3	1	1
48	21	2	4	1	2	3
49	29	1	3	2	1	2
50	34	2	3	1	1	3
51	17	1	2	2	1	3
52	77	1	2	2	2	2
53	82	1	2	3	2	2
54	31	1	2	3	2	3
55	90	1	3	2	1	3
56	23	1	2	3	1	2
57	63	1	2	3	1	3
58	95	2	3	2	2	3
59	73	2	4	1	1	1
60	48	3	4	1	1	3
61	20	1	2	3	2	1
62	100	1	2	2	2	3
63	33	1	2	3	1	3
64	32	1	2	2	1	2
65	12	2	3	2	1	1
66	47	1	2	3	1	3
67	52	1	3	1	2	3
68	51	1	3	1	1	1
69	19	1	3	1	2	1
70	80	1	4	1	2	1
71	70	1	2	3	2	3
72	59	2	3	2	2	2
73	49	1	2	2	2	3
74	84	1	2	3	2	3
75	88	2	3	2	1	2
76	26	1	4	1	2	1
77	44	1	3	2	1	2
78	1	1	4	1	2	3
79	24	1	3	2	1	3
80	22	2	3	2	2	2
81	67	1	2	3	2	3
82	98	1	2	3	2	2
83	25	1	2	3	1	2
84	2	2	3	1	2	3
85	50	1	4	1	2	3
86	15	1	2	3	2	2
87	54	1	3	2	2	1
88	71	1	2	3	2	1
89	69	1	3	1	1	3
90	46	1	4	1	2	3
91	92	1	2	2	1	1
92	66	2	3	1	2	1
93	27	1	2	3	1	1
94	62	1	4	1	1	2
95	9	1	4	1	1	3
96	64	1	4	1	1	3
97	43	3	4	1	1	1
98	78	2	3	2	1	2
99	87	1	2	3	2	3
100	86	1	2	3	1	3

