DATASET = All time best instance set VeRoLog competition
NAME = tools over vehicle days over vehicles over distance with 1000 requests over 25 days

DAYS = 25
CAPACITY = 35
MAX_TRIP_DISTANCE = 16000
DEPOT_COORDINATE = 0

VEHICLE_COST = 2000
VEHICLE_DAY_COST = 100000
DISTANCE_COST = 1

TOOLS = 4
1	15	56	20000000
2	3	82	50000000
3	6	84	40000000
4	9	86	40000000

COORDINATES = 944
0	3976	3992
1	3276	6132
2	8728	6138
3	5534	6148
4	8803	6151
5	4347	6152
6	9067	6166
7	7510	6169
8	8677	8142
9	7604	6191
10	8711	6210
11	7461	6220
12	8805	6237
13	4148	6243
14	9491	6245
15	8153	6153
16	6006	6270
17	7323	6284
18	7511	6317
19	3925	6319
20	4168	6326
21	8445	6343
22	6700	6347
23	8496	6350
24	7275	6363
25	7200	1936
26	3500	6386
27	3823	6398
28	7720	6439
29	7469	6455
30	3973	6457
31	3920	6466
32	6142	6480
33	3845	6487
34	7089	6193
35	8683	6504
36	7526	6513
37	8033	6517
38	7505	6526
39	7445	5852
40	8687	6544
41	8453	6548
42	8160	6550
43	3837	6556
44	7450	6568
45	7941	6577
46	7461	6589
47	7893	6598
48	7504	6604
49	8343	6614
50	8872	6631
51	3543	6639
52	3709	6643
53	7888	6657
54	3983	6665
55	7861	6665
56	7414	6666
57	4190	6670
58	8642	6679
59	3725	6686
60	4072	6690
61	3790	6700
62	8668	6702
63	4002	6707
64	4534	4226
65	6909	6733
66	7784	6743
67	4020	6748
68	8604	6749
69	8625	6763
70	3702	6786
71	3828	6788
72	7687	6788
73	8704	6811
74	3755	6814
75	3698	6826
76	8661	6836
77	8529	6837
78	8084	6859
79	6885	6862
80	7760	6868
81	8243	6874
82	8758	6876
83	6946	6877
84	3399	6879
85	8352	6887
86	7016	6889
87	8170	6889
88	8538	4254
89	7785	6896
90	7820	6916
91	7439	6939
92	7458	6946
93	8490	6946
94	7598	6267
95	7481	6950
96	3649	4267
97	4064	6977
98	5566	8337
99	6359	4272
100	8769	7008
101	4240	7014
102	8134	7035
103	7839	7037
104	9362	7055
105	4795	7071
106	3982	7074
107	6886	7074
108	3466	7079
109	6793	7082
110	8492	7090
111	4742	7090
112	4505	7093
113	8542	7105
114	7706	7115
115	8923	7121
116	8903	7132
117	4694	5216
118	3688	7144
119	7929	7147
120	7784	7157
121	3588	7162
122	4181	7175
123	6854	7214
124	7466	7217
125	4032	7222
126	4330	7222
127	7757	7228
128	4147	7233
129	8058	7258
130	3447	7271
131	8513	7277
132	7447	7281
133	4023	7294
134	4324	7296
135	4054	7307
136	7006	7311
137	6671	7329
138	4055	7336
139	7826	8336
140	7174	7362
141	7228	7400
142	7276	7401
143	7245	7402
144	6784	8347
145	6325	7414
146	3929	7416
147	6565	7461
148	3923	7467
149	7282	7476
150	7095	7489
151	7353	7490
152	6941	7490
153	9420	7511
154	8615	7524
155	8861	7535
156	3680	7538
157	7732	7540
158	6448	7544
159	6970	7551
160	8612	7567
161	7253	7573
162	3796	7596
163	7734	7611
164	7608	7620
165	6941	7620
166	7716	7647
167	6346	7655
168	372	2818
169	6250	7672
170	7570	7679
171	8389	7699
172	3533	7705
173	5358	7712
174	6622	7714
175	7841	7716
176	7523	7720
177	7121	7727
178	7102	7752
179	6472	7765
180	3530	7785
181	5625	7795
182	5648	7809
183	6782	7819
184	4142	7822
185	4425	4412
186	5569	7835
187	6942	8420
188	6079	7846
189	5585	7847
190	5274	7852
191	5293	7873
192	8300	7876
193	6993	7883
194	9645	7886
195	5419	7894
196	8259	7937
197	4235	7943
198	6647	7949
199	6362	7953
200	7142	7958
201	6965	7960
202	6014	7968
203	8636	4435
204	5995	7984
205	8654	7998
206	7514	8000
207	7005	8004
208	8549	8004
209	6275	8007
210	5399	8015
211	3539	8057
212	8891	8458
213	9723	8077
214	9628	8103
215	7549	8106
216	7278	8135
217	7561	8156
218	7450	8187
219	7307	8208
220	9379	6000
221	7715	8261
222	5970	8263
223	6896	8263
224	5329	8490
225	5492	8268
226	5405	8282
227	9977	8302
228	5267	4402
229	5383	8306
230	6710	7605
231	5788	8324
232	7006	8326
233	9335	8353
234	9351	8361
235	7696	8506
236	8073	6503
237	5467	8372
238	8529	4501
239	3589	8378
240	4017	6506
241	6310	8397
242	8060	8410
243	3616	8441
244	9658	8451
245	5470	8452
246	5884	8471
247	6483	8484
248	6814	8487
249	7856	8515
250	6865	8516
251	8209	8536
252	6135	8545
253	7210	8551
254	6141	8557
255	9755	8571
256	7622	8608
257	8153	8616
258	8942	8631
259	9647	8644
260	7520	8657
261	6173	8685
262	9861	8690
263	4586	2414
264	5678	8698
265	5961	8710
266	5914	8715
267	7466	8566
268	6465	8726
269	3910	8726
270	5664	8727
271	9405	8733
272	5612	8743
273	5509	8757
274	6211	8759
275	4097	4567
276	6497	8800
277	8947	6020
278	6430	8818
279	8103	8828
280	5796	8831
281	3543	3484
282	6593	8854
283	7106	8854
284	6446	8859
285	9051	8898
286	4189	4591
287	3874	2588
288	5847	8924
289	8753	8949
290	9336	8963
291	5973	8965
292	7277	5068
293	7367	8991
294	7240	8993
295	7531	8998
296	7751	9013
297	6062	9024
298	7744	8619
299	6726	9044
300	7862	9053
301	8830	9056
302	5988	8624
303	7360	9085
304	6446	9097
305	7963	9100
306	6008	9111
307	9700	9138
308	6550	9141
309	9010	9141
310	7751	9147
311	7318	9176
312	6040	9179
313	6678	9183
314	8601	7633
315	6061	9199
316	6316	9204
317	9466	9205
318	7928	9209
319	7631	9212
320	8384	9213
321	8611	6644
322	6442	9218
323	7601	9232
324	7875	9239
325	8697	9241
326	6674	9242
327	7326	9246
328	8383	9269
329	6498	9276
330	3816	6656
331	7512	9288
332	7170	9290
333	9161	9292
334	8185	9296
335	6855	9309
336	8814	9312
337	7564	9333
338	6943	9340
339	9096	9341
340	9288	9346
341	9295	9360
342	8115	9362
343	6447	9394
344	4579	2668
345	7693	6675
346	8467	9408
347	6755	9423
348	6521	9429
349	7189	9460
350	8886	9466
351	8391	9478
352	8410	9495
353	7102	9504
354	6809	9521
355	9123	9525
356	4041	7646
357	8394	9583
358	6872	9595
359	8444	9601
360	5037	9648
361	8520	9654
362	8459	9673
363	8948	8728
364	6458	2742
365	8337	4748
366	6042	9864
367	7182	8773
368	7802	6058
369	7351	9976
370	4228	4771
371	7371	9995
372	7352	10000
373	5972	8278
374	3878	4808
375	8392	4875
376	5078	2868
377	4646	4085
378	8840	4907
379	5003	2890
380	7774	6094
381	3926	6955
382	5910	2950
383	5867	2953
384	5795	2983
385	8627	4988
386	4098	4992
387	7960	5021
388	5610	5022
389	8929	6109
390	5929	9032
391	8171	5028
392	4766	7035
393	5960	5031
394	6191	3035
395	8490	7055
396	9268	6161
397	7119	5967
398	9044	5067
399	4356	4520
400	4687	7101
401	3968	5112
402	5176	4128
403	5897	3112
404	7910	7129
405	8236	6130
406	9262	5846
407	6551	164
408	7619	7140
409	6893	200
410	7225	7147
411	6438	208
412	3622	7163
413	6831	133
414	8582	5165
415	6415	9175
416	6564	353
417	6769	3183
418	8142	5186
419	7731	9198
420	7854	5195
421	8228	6144
422	8374	9204
423	7910	5202
424	6433	613
425	6322	633
426	4238	7229
427	8373	9238
428	9052	7245
429	4591	5248
430	4690	2954
431	7353	7259
432	8542	7276
433	8848	9281
434	4286	6161
435	6297	1062
436	6626	1125
437	8764	6164
438	6380	1148
439	6733	1168
440	7863	7312
441	6471	1223
442	6605	9320
443	6485	1246
444	7366	7320
445	7038	5317
446	8717	7322
447	4225	5332
448	8298	6175
449	6576	7359
450	4290	7379
451	6813	1620
452	7094	1733
453	6383	1805
454	296	1834
455	7872	6589
456	6743	1877
457	6782	1893
458	6535	1906
459	5847	1908
460	6911	1910
461	1385	1953
462	3823	4191
463	6738	2010
464	8055	5446
465	4703	2075
466	6700	2076
467	4557	3454
468	7155	2089
469	6104	3455
470	6200	2108
471	6896	2137
472	8027	5468
473	1548	2169
474	6309	2221
475	319	2227
476	5939	2232
477	5400	2244
478	4846	2257
479	4651	2260
480	5374	2291
481	5089	2297
482	6894	2301
483	6484	2315
484	4611	2324
485	5392	2351
486	9359	5502
487	4954	2367
488	3686	2414
489	4737	2416
490	5501	2432
491	6700	2447
492	6239	2459
493	4988	2491
494	3117	2508
495	3286	2524
496	5081	2533
497	5019	2546
498	6911	2548
499	5973	2565
500	3253	2566
501	6523	9415
502	4543	3536
503	5810	2620
504	3970	2627
505	3267	2640
506	2845	2653
507	6658	2654
508	4592	2657
509	6730	2658
510	4702	2674
511	7364	2674
512	2943	2677
513	4557	2678
514	6756	2680
515	4201	2698
516	3373	2704
517	892	2707
518	3881	2708
519	2691	2712
520	5623	2725
521	4552	2736
522	5684	2757
523	4954	2774
524	1561	2787
525	4660	2812
526	3324	4164
527	4779	2868
528	709	2873
529	3327	2890
530	5991	2895
531	4173	2899
532	4767	2900
533	2748	2903
534	2579	2905
535	5832	2912
536	6493	2912
537	7040	2914
538	4889	2930
539	638	2937
540	3562	2940
541	6898	2962
542	6630	2984
543	981	2992
544	5544	2999
545	5669	3011
546	4685	3019
547	6759	9619
548	4125	3045
549	5683	3052
550	6611	3055
551	3409	3058
552	2293	3061
553	6077	3082
554	6241	3090
555	6360	3106
556	4674	3108
557	4088	3626
558	8119	7636
559	4875	3164
560	3298	3169
561	6028	3189
562	6110	3196
563	5560	3216
564	4029	3226
565	6609	3237
566	3696	3245
567	6560	3246
568	4909	3247
569	6031	3249
570	5259	3260
571	5626	3264
572	5367	3650
573	2898	3293
574	5434	3298
575	2914	3309
576	5151	3309
577	4811	3311
578	5532	3323
579	6821	3326
580	6530	3335
581	3656	3339
582	5250	3341
583	2456	3346
584	6545	3356
585	4068	3364
586	2780	3368
587	5749	3369
588	4855	3400
589	5565	3402
590	4026	3417
591	5564	3426
592	6679	3430
593	3793	3448
594	3372	3451
595	4581	3456
596	6050	3491
597	5632	3509
598	7815	5695
599	5976	3519
600	6338	3524
601	6067	3534
602	7610	5699
603	9532	5844
604	4150	3555
605	4558	3563
606	2246	3567
607	4235	3568
608	4710	3570
609	6154	3586
610	4847	3590
611	4225	3706
612	6380	3612
613	8076	7716
614	6061	3629
615	7512	5714
616	5866	3632
617	5851	3647
618	6544	3654
619	4401	3679
620	5230	3683
621	4974	3686
622	3056	3708
623	2057	3712
624	5732	3730
625	6260	3774
626	5365	3815
627	6436	3815
628	4687	3826
629	4997	3839
630	9755	8636
631	2948	3902
632	4306	3908
633	4433	3928
634	2097	3956
635	2203	3967
636	4534	3975
637	3988	3981
638	9384	7777
639	4080	3998
640	2155	4002
641	4118	4007
642	5072	4010
643	2322	4020
644	4664	4028
645	7870	4038
646	3512	4041
647	5396	4046
648	3044	3781
649	3970	4064
650	4501	4064
651	3576	4065
652	3621	4076
653	8037	4101
654	5637	4118
655	7026	6665
656	3945	4135
657	7692	4137
658	5219	4149
659	4170	4151
660	4065	4158
661	4125	4172
662	8927	7809
663	8533	4213
664	4794	4217
665	7002	4219
666	8167	4226
667	5168	4227
668	3866	4249
669	7052	4252
670	3984	4269
671	8295	5821
672	8328	4283
673	8607	4288
674	5189	4295
675	5916	7829
676	8117	4304
677	8618	4312
678	7603	5870
679	4796	4323
680	6166	4327
681	6309	4352
682	6076	4358
683	8380	4366
684	4681	4368
685	8088	4371
686	6215	4389
687	7943	4390
688	6089	4391
689	4317	4396
690	6324	4402
691	7102	4404
692	4068	4415
693	7011	4418
694	2578	4428
695	5807	4441
696	8317	4450
697	7129	4451
698	8091	4452
699	8023	4459
700	7379	4460
701	3678	4465
702	4254	4465
703	3716	4471
704	8677	4471
705	7571	4488
706	4198	4489
707	3764	4491
708	7200	4491
709	3386	4492
710	5034	4493
711	9356	5859
712	6904	4501
713	2462	4512
714	4794	4514
715	2755	4517
716	8686	4534
717	6839	4551
718	7928	4553
719	3336	4557
720	3633	4574
721	8802	4586
722	8524	4588
723	8072	4591
724	8624	4594
725	7448	8682
726	4269	4602
727	4939	4606
728	4630	4616
729	8611	4616
730	3785	4625
731	8426	4635
732	5202	4638
733	4046	4655
734	8082	4663
735	8472	4663
736	8281	4670
737	4258	4675
738	8730	4677
739	8589	4682
740	8728	4686
741	4080	4688
742	8697	4690
743	2838	4694
744	8528	4701
745	4732	4726
746	4050	4728
747	3752	4746
748	8687	4770
749	8152	4773
750	4004	4778
751	4826	4779
752	4261	4779
753	7702	4789
754	4091	4791
755	8708	4794
756	5408	4804
757	7571	5910
758	8120	4823
759	3809	4850
760	7127	4857
761	7359	4858
762	7517	4863
763	4086	4864
764	3832	4865
765	7128	4877
766	6046	4288
767	5351	4891
768	2891	4892
769	8474	4893
770	3566	4902
771	2943	4906
772	3944	4906
773	3216	4917
774	4191	4927
775	2951	4928
776	5634	4945
777	5385	4947
778	3606	4959
779	7949	4959
780	3770	4966
781	8551	4974
782	7185	4977
783	5313	3941
784	5498	5010
785	9001	5010
786	8654	5011
787	3711	5015
788	8090	5019
789	4234	5038
790	7583	5040
791	3587	5041
792	3953	5055
793	7545	5060
794	3239	5080
795	7060	5087
796	8166	5093
797	7241	5098
798	4179	5100
799	8483	5106
800	8157	5111
801	3517	5121
802	3382	5132
803	5777	5139
804	5116	5151
805	7217	5156
806	8260	5170
807	3458	5176
808	8967	5194
809	7542	5196
810	8246	5202
811	3184	5216
812	7906	5224
813	8181	5242
814	8825	5246
815	8480	5249
816	7626	5252
817	8894	5253
818	5178	5255
819	5187	5258
820	8198	5259
821	7382	5262
822	7295	5262
823	8564	5268
824	3189	5281
825	8968	5297
826	8168	4243
827	9352	5306
828	8103	5308
829	7820	5317
830	8470	5322
831	2969	5330
832	8605	5330
833	6967	5332
834	7026	5334
835	8550	5343
836	8244	5354
837	7735	6004
838	7966	5360
839	7688	5379
840	8544	5387
841	4276	5388
842	3850	5404
843	7863	5409
844	7925	5417
845	4965	4009
846	7543	5420
847	8735	5424
848	7803	5446
849	7084	5457
850	8352	5460
851	4361	5467
852	8351	5468
853	3881	5477
854	8518	5478
855	9213	5485
856	8412	5501
857	9232	5508
858	4605	4027
859	5926	4028
860	8304	5536
861	7799	5542
862	4181	5551
863	8294	5553
864	4061	5555
865	6930	5556
866	5359	7913
867	4345	5564
868	5601	4033
869	7588	5569
870	7354	5613
871	4442	5617
872	8789	5621
873	7433	5626
874	9158	5630
875	7558	5633
876	8185	5643
877	7811	5650
878	8557	5653
879	8491	5687
880	8624	5697
881	8101	5703
882	7693	5714
883	9561	5715
884	7703	5717
885	8590	5724
886	9025	5725
887	9207	5733
888	7707	5739
889	8375	5745
890	7513	5747
891	7116	5748
892	9466	5751
893	7542	5757
894	8917	5764
895	8265	5772
896	6788	5787
897	6778	5792
898	9122	5797
899	7501	5798
900	9435	5799
901	7573	5800
902	6759	5803
903	9267	5807
904	8813	5826
905	8976	5827
906	7039	5836
907	9588	5845
908	7820	5849
909	7428	5849
910	9044	5851
911	4081	4083
912	7496	5870
913	9077	5876
914	9185	5887
915	9151	5896
916	9646	5897
917	7469	5903
918	7679	5905
919	7918	5937
920	8835	5944
921	9096	5950
922	7109	5952
923	9374	5955
924	8897	6104
925	9200	5975
926	8965	6106
927	9447	5996
928	9110	5998
929	8667	6010
930	9559	6016
931	9439	6032
932	7713	6033
933	8284	6038
934	7938	6062
935	8350	6063
936	8164	6084
937	8064	6089
938	8630	6094
939	8591	6103
940	8533	6115
941	9075	6116
942	8560	6123
943	9329	6129

REQUESTS = 1000
1	732	10	11	1	1	1
2	247	2	4	1	4	1
3	575	2	3	1	3	1
4	503	3	6	1	4	3
5	58	16	19	1	2	2
6	466	8	9	2	4	3
7	460	8	9	3	1	1
8	411	4	7	1	1	1
9	314	1	2	2	2	2
10	367	19	22	2	1	2
11	505	9	12	3	3	3
12	361	1	4	2	3	1
13	630	18	21	2	2	1
14	517	15	17	3	4	3
15	337	6	9	3	1	1
16	449	15	17	1	3	3
17	574	17	18	1	2	3
18	689	4	5	3	4	3
19	773	12	13	1	3	2
20	896	18	21	1	4	3
21	323	2	5	3	3	1
22	409	10	13	3	1	2
23	770	1	2	3	2	1
24	870	11	12	2	1	1
25	351	7	9	2	3	3
26	684	16	17	3	2	1
27	664	8	11	1	4	3
28	341	1	3	1	1	2
29	295	2	4	1	1	2
30	815	20	22	2	3	3
31	892	20	23	2	1	2
32	369	22	24	1	2	3
33	115	16	17	3	3	2
34	676	18	21	1	4	2
35	529	4	6	2	4	3
36	167	10	11	2	1	2
37	393	20	21	3	4	1
38	177	4	6	1	1	2
39	871	2	4	3	2	1
40	195	18	20	2	3	1
41	65	14	15	3	4	2
42	816	2	4	2	1	1
43	60	16	19	2	3	3
44	200	19	22	3	2	2
45	101	7	10	2	1	2
46	152	21	24	1	3	1
47	413	4	5	2	4	1
48	931	3	4	1	2	2
49	153	11	12	1	4	1
50	786	20	23	2	1	1
51	925	4	6	2	1	2
52	262	19	22	3	3	1
53	312	14	16	3	2	2
54	241	15	18	2	4	3
55	572	6	9	2	1	2
56	474	13	14	1	1	2
57	30	6	8	2	1	2
58	673	6	9	1	3	1
59	654	20	22	1	1	1
60	760	12	14	3	3	1
61	881	12	14	3	3	2
62	330	15	16	3	2	2
63	323	13	14	1	4	3
64	31	4	7	2	4	1
65	119	21	22	1	3	3
66	843	9	10	1	4	1
67	721	8	11	1	3	1
68	24	12	14	3	3	2
69	88	22	23	2	1	1
70	131	3	4	3	4	1
71	699	9	11	2	2	3
72	180	6	9	2	1	2
73	355	2	5	2	2	2
74	600	4	6	1	1	2
75	862	1	2	3	2	1
76	580	4	7	3	2	3
77	54	4	6	3	3	2
78	239	14	16	1	3	2
79	77	13	14	1	4	3
80	481	1	2	1	4	1
81	895	4	7	3	3	2
82	236	2	3	2	2	1
83	245	1	2	3	3	3
84	879	12	14	1	1	2
85	82	17	19	1	2	2
86	833	11	13	3	1	1
87	800	8	9	1	1	1
88	89	19	21	1	3	3
89	494	20	22	1	1	2
90	565	16	18	2	2	3
91	771	9	12	2	1	2
92	910	3	6	3	3	2
93	740	10	13	2	4	1
94	862	15	17	3	2	1
95	394	10	12	1	2	3
96	893	7	9	2	2	1
97	116	14	16	1	3	1
98	634	15	17	1	3	3
99	109	4	5	1	4	3
100	749	2	3	1	4	3
101	489	8	11	1	1	2
102	484	20	21	3	4	1
103	606	1	4	3	4	1
104	250	8	10	3	4	2
105	67	3	5	3	4	3
106	612	20	23	1	4	1
107	46	8	10	2	3	2
108	400	16	19	3	3	2
109	555	15	18	3	1	1
110	66	15	18	1	1	2
111	451	21	22	2	3	2
112	720	15	17	3	3	2
113	655	5	7	2	1	2
114	164	12	13	3	3	1
115	30	10	11	3	3	3
116	56	20	21	3	4	3
117	391	17	18	3	3	2
118	588	5	6	1	1	2
119	623	1	2	2	3	1
120	135	11	14	3	2	2
121	123	13	16	3	3	2
122	804	3	6	2	1	2
123	5	16	18	2	3	1
124	381	11	13	2	1	2
125	849	8	9	3	4	2
126	520	1	3	2	1	1
127	788	14	17	3	1	1
128	865	10	12	1	1	2
129	410	1	2	1	4	1
130	882	19	22	3	1	1
131	887	5	8	3	3	3
132	371	17	19	3	2	2
133	506	2	4	2	1	2
134	766	12	14	1	1	1
135	199	10	13	2	1	1
136	735	20	21	2	1	1
137	733	14	17	2	4	2
138	769	3	6	1	3	1
139	170	13	15	3	1	2
140	698	3	6	2	4	2
141	93	5	8	3	2	2
142	670	4	7	1	1	2
143	281	17	19	1	4	1
144	943	17	18	2	2	3
145	378	16	18	3	3	1
146	625	2	3	3	2	2
147	924	19	21	1	2	1
148	218	4	7	2	3	2
149	939	18	20	1	2	1
150	19	13	15	3	1	1
151	196	20	23	1	1	1
152	651	2	4	2	2	2
153	368	7	9	1	2	2
154	765	4	6	3	1	2
155	234	5	7	2	2	2
156	223	15	18	3	3	2
157	258	1	4	1	4	2
158	874	15	17	1	4	3
159	249	12	15	2	1	2
160	590	3	6	2	2	3
161	50	10	11	3	4	3
162	285	12	15	3	3	2
163	860	3	6	2	2	2
164	488	3	4	3	2	2
165	487	4	7	3	4	2
166	564	14	17	2	3	1
167	637	18	21	1	3	3
168	587	15	18	2	4	3
169	32	11	14	1	3	1
170	912	15	16	2	3	2
171	438	2	3	2	2	3
172	820	17	18	1	4	2
173	461	5	8	3	3	3
174	13	20	22	2	3	3
175	902	4	5	2	1	2
176	521	8	10	2	3	2
177	834	17	18	3	2	1
178	480	6	8	2	4	1
179	176	11	13	1	3	1
180	35	8	11	2	3	3
181	551	21	22	3	2	3
182	629	1	2	3	2	2
183	470	21	22	3	3	2
184	919	3	6	1	2	2
185	432	12	15	1	2	2
186	549	10	12	3	2	1
187	86	16	19	2	1	2
188	157	3	6	3	4	2
189	288	9	10	2	2	3
190	886	16	19	3	1	1
191	235	17	19	1	4	3
192	496	1	2	1	1	2
193	830	5	7	2	1	1
194	204	9	12	2	2	1
195	317	1	2	2	1	1
196	304	23	24	1	3	1
197	146	11	14	2	3	1
198	22	11	12	1	1	2
199	263	13	15	1	1	2
200	47	1	2	1	4	3
201	71	16	19	2	1	2
202	706	18	19	3	3	1
203	62	1	2	3	2	1
204	872	11	12	1	3	3
205	130	6	9	1	1	2
206	661	19	21	2	1	1
207	841	3	5	3	1	2
208	613	15	17	1	1	2
209	513	22	24	1	1	2
210	138	9	12	2	1	1
211	327	1	4	2	1	1
212	38	4	6	2	3	3
213	553	20	21	3	1	1
214	937	21	23	2	2	3
215	160	15	16	1	2	2
216	290	15	16	2	4	1
217	914	8	10	3	4	3
218	614	17	18	2	3	2
219	932	3	5	2	1	2
220	649	6	7	3	2	2
221	404	8	10	2	2	2
222	537	18	21	2	1	2
223	660	16	17	3	3	2
224	633	1	2	1	4	3
225	28	3	4	2	2	2
226	514	6	7	2	2	3
227	243	5	8	1	3	2
228	414	12	13	3	3	1
229	702	15	16	2	3	3
230	335	2	3	1	3	3
231	442	21	22	1	3	3
232	452	1	2	1	4	3
233	835	18	21	2	3	3
234	194	7	8	3	4	2
235	552	19	20	1	1	2
236	755	10	13	2	3	3
237	729	5	7	1	1	1
238	538	19	21	3	3	2
239	921	4	5	3	4	1
240	376	22	23	1	1	1
241	512	6	9	2	3	3
242	16	19	21	3	3	2
243	573	11	13	3	4	1
244	182	13	14	3	2	1
245	931	5	7	3	3	3
246	880	14	17	3	4	3
247	557	18	19	2	1	2
248	561	4	7	2	1	1
249	531	17	18	1	2	3
250	36	18	20	3	4	1
251	783	12	13	2	2	3
252	39	10	13	1	3	2
253	251	19	21	1	3	2
254	601	15	16	1	1	1
255	375	12	15	3	2	3
256	602	9	12	3	1	2
257	482	8	9	3	4	2
258	571	2	4	1	1	2
259	320	19	22	1	4	2
260	231	2	4	1	4	2
261	831	12	15	2	2	3
262	617	12	13	3	2	1
263	74	9	10	2	1	1
264	494	4	5	3	4	3
265	284	12	13	3	3	1
266	842	9	11	2	3	3
267	145	5	7	1	3	2
268	44	17	19	3	2	3
269	169	8	10	3	3	2
270	675	15	17	3	1	1
271	877	6	9	2	4	3
272	205	14	16	1	1	1
273	215	20	22	3	3	2
274	923	10	13	3	1	1
275	535	10	11	2	4	2
276	705	16	18	2	4	2
277	752	4	7	2	4	3
278	229	10	11	2	4	1
279	644	4	5	3	1	2
280	545	8	9	3	2	1
281	51	15	18	2	2	3
282	515	6	9	3	2	2
283	935	9	10	3	3	2
284	427	14	15	2	3	2
285	714	12	13	3	3	3
286	839	14	17	1	3	1
287	405	12	15	2	1	1
288	245	14	16	3	2	2
289	761	6	7	3	4	3
290	781	8	11	1	3	2
291	857	23	24	1	4	2
292	668	11	13	3	1	2
293	519	14	16	1	3	2
294	818	17	18	1	3	3
295	439	18	20	1	1	2
296	485	8	9	2	4	1
297	334	10	12	3	1	1
298	232	7	10	1	4	1
299	18	1	4	3	3	2
300	69	16	17	1	3	2
301	227	15	17	1	3	1
302	913	17	19	2	2	3
303	310	1	4	1	2	1
304	322	1	2	1	1	2
305	25	12	14	1	3	2
306	619	11	14	3	4	1
307	3	14	15	1	3	3
308	718	17	18	1	3	1
309	181	2	5	2	3	1
310	774	18	19	1	2	1
311	620	7	10	1	1	1
312	808	11	12	3	1	1
313	81	9	12	2	3	1
314	742	16	19	1	1	1
315	342	16	17	3	4	1
316	605	18	19	3	3	3
317	592	15	17	2	4	2
318	910	4	7	2	1	2
319	296	11	14	1	3	3
320	784	10	11	3	4	3
321	579	10	11	2	2	1
322	68	23	24	1	4	1
323	791	11	14	1	4	3
324	610	3	6	1	3	2
325	906	18	21	1	1	2
326	712	14	17	1	3	1
327	560	5	7	1	2	3
328	483	20	22	3	1	1
329	778	10	11	1	2	3
330	940	9	10	1	1	1
331	607	20	22	3	3	2
332	85	11	14	3	3	3
333	363	19	22	2	3	3
334	418	14	16	1	4	2
335	191	9	12	3	4	1
336	202	22	23	2	3	3
337	350	14	15	1	2	2
338	646	7	10	3	4	3
339	242	3	5	3	4	2
340	257	8	9	3	1	2
341	408	5	6	3	3	1
342	446	12	15	3	4	1
343	593	8	11	1	1	2
344	901	6	8	3	1	2
345	217	14	15	2	3	2
346	915	8	10	1	2	3
347	447	20	23	1	3	3
348	181	17	18	3	3	1
349	741	15	17	1	4	2
350	823	19	21	1	3	1
351	240	21	23	1	1	2
352	762	4	5	3	4	1
353	326	15	16	3	3	2
354	464	6	8	1	2	2
355	868	3	6	3	4	2
356	643	9	11	1	4	3
357	267	8	10	2	3	1
358	726	19	20	2	3	3
359	853	6	9	2	4	3
360	556	12	15	1	4	1
361	826	12	14	3	2	2
362	756	13	14	2	4	3
363	117	14	17	3	2	3
364	550	21	22	1	4	2
365	645	3	6	1	2	3
366	621	11	12	1	2	3
367	299	12	14	3	2	2
368	110	2	4	1	3	3
369	308	16	19	2	2	1
370	799	15	16	1	3	1
371	87	11	12	3	1	1
372	433	3	6	1	2	2
373	648	8	9	1	2	3
374	901	1	4	1	3	3
375	124	5	6	3	1	1
376	566	1	2	1	4	2
377	736	23	24	1	3	2
378	873	17	20	3	3	3
379	465	17	19	3	1	1
380	72	12	13	2	1	2
381	415	1	2	2	4	3
382	813	17	18	1	1	1
383	212	8	9	3	2	2
384	486	4	7	1	3	1
385	444	4	6	3	3	3
386	377	5	7	3	2	2
387	57	20	22	2	3	3
388	929	19	22	3	1	1
389	663	7	10	2	1	2
390	824	6	8	2	1	2
391	129	15	16	2	4	3
392	681	11	14	1	3	3
393	890	16	18	1	3	3
394	526	8	10	3	4	1
395	776	15	18	3	2	2
396	724	6	8	3	2	2
397	701	6	9	2	2	2
398	443	4	7	1	2	1
399	43	1	2	3	2	3
400	821	20	23	2	4	2
401	102	14	16	2	4	3
402	106	17	19	3	2	2
403	759	1	2	1	4	3
404	539	6	7	2	3	1
405	819	15	18	1	1	2
406	201	15	18	2	1	1
407	100	4	6	2	2	1
408	864	20	23	2	4	3
409	79	21	23	2	2	2
410	455	2	3	1	3	1
411	108	19	21	2	2	3
412	501	8	11	3	4	2
413	286	2	3	1	1	2
414	114	8	9	2	4	3
415	369	7	10	2	2	1
416	244	15	17	1	4	1
417	224	18	19	2	3	1
418	845	9	11	3	4	3
419	746	12	15	1	4	3
420	165	6	8	1	2	2
421	894	14	15	2	2	1
422	228	8	11	3	2	2
423	159	18	19	3	4	1
424	793	17	19	3	3	3
425	303	14	15	3	2	2
426	399	19	22	1	4	3
427	222	17	20	3	1	2
428	94	19	22	3	1	2
429	904	10	11	2	4	2
430	577	2	5	3	4	2
431	282	11	12	3	2	1
432	261	7	9	3	2	3
433	780	11	13	3	3	1
434	562	13	14	3	4	1
435	900	5	7	1	3	2
436	467	15	17	3	4	1
437	933	4	6	2	2	1
438	695	15	16	2	3	1
439	41	9	12	1	4	3
440	362	13	15	1	1	1
441	402	18	20	2	3	2
442	657	2	5	3	2	1
443	719	18	20	1	3	1
444	283	5	6	2	1	1
445	347	18	20	2	2	3
446	794	13	16	3	1	1
447	151	3	6	1	3	1
448	392	22	24	1	3	3
449	45	15	18	1	2	3
450	468	6	8	1	2	3
451	666	21	24	1	2	2
452	725	15	18	2	4	1
453	42	7	9	3	3	2
454	745	11	13	2	2	1
455	674	2	5	2	2	2
456	127	14	17	1	1	2
457	743	6	8	1	2	2
458	78	8	10	2	3	2
459	190	19	21	3	1	1
460	493	7	9	2	1	1
461	75	8	9	3	1	2
462	213	12	15	1	1	1
463	569	6	7	3	3	1
464	594	16	17	2	1	1
465	485	17	20	1	4	3
466	595	7	8	3	2	3
467	916	1	3	3	2	2
468	559	15	16	1	1	1
469	579	10	12	3	3	1
470	70	7	10	1	4	3
471	294	15	18	2	2	3
472	471	8	9	2	2	3
473	384	8	9	3	2	2
474	210	11	14	3	3	3
475	349	16	17	3	4	3
476	225	3	5	2	2	1
477	541	3	5	3	1	2
478	459	20	22	2	1	1
479	918	18	20	1	2	3
480	829	7	9	1	1	2
481	254	19	20	2	1	2
482	856	19	21	3	2	2
483	174	14	15	2	3	1
484	352	4	6	1	4	1
485	382	20	23	2	4	3
486	141	8	11	3	3	2
487	186	8	9	2	1	1
488	638	19	22	2	4	3
489	604	14	17	1	3	1
490	96	14	15	1	2	2
491	437	7	9	1	3	1
492	344	11	12	1	3	2
493	307	9	12	1	1	2
494	144	5	7	3	2	1
495	827	5	6	2	1	2
496	102	4	6	1	4	2
497	782	5	7	2	2	2
498	779	8	10	3	4	2
499	278	10	12	3	2	1
500	332	15	16	3	3	2
501	216	13	16	2	2	1
502	266	9	10	3	4	2
503	703	23	24	1	1	1
504	907	5	8	3	3	3
505	639	11	14	2	3	1
506	863	3	6	1	3	2
507	563	14	16	2	1	1
508	260	11	13	1	1	2
509	379	6	9	1	4	2
510	738	12	15	1	4	2
511	938	3	4	3	2	1
512	149	12	13	2	4	2
513	708	8	9	2	2	1
514	221	2	3	2	2	2
515	767	17	20	3	3	2
516	11	8	10	2	4	3
517	611	22	23	1	2	2
518	155	4	6	1	4	3
519	693	6	9	3	2	1
520	679	3	4	3	1	2
521	132	7	10	1	4	1
522	386	16	18	3	1	1
523	265	20	22	1	4	1
524	422	13	14	1	1	1
525	511	3	4	3	3	3
526	425	4	7	2	2	2
527	424	17	18	1	3	3
528	112	20	23	2	2	1
529	293	14	17	2	3	1
530	353	9	11	2	1	1
531	417	21	24	1	2	1
532	366	5	7	3	2	3
533	403	21	23	1	1	2
534	40	7	8	1	2	3
535	599	11	12	2	2	1
536	380	1	3	3	2	2
537	777	6	9	2	2	1
538	252	5	7	2	1	1
539	275	4	7	2	4	2
540	626	7	10	2	1	2
541	390	7	10	2	4	3
542	798	16	19	2	3	2
543	803	19	22	3	3	2
544	37	21	23	1	3	3
545	91	6	9	3	3	3
546	423	2	4	2	2	1
547	365	3	6	1	2	1
548	597	2	3	3	3	2
549	883	19	22	2	2	2
550	772	17	20	1	3	3
551	160	7	8	3	3	3
552	120	18	20	2	2	3
553	492	6	9	1	3	3
554	445	3	4	3	3	2
555	268	12	14	1	3	1
556	500	15	16	1	1	2
557	173	10	11	1	1	1
558	198	16	19	3	1	1
559	869	8	9	3	4	3
560	325	16	18	1	4	3
561	495	20	22	1	4	1
562	658	11	13	2	3	3
563	207	3	5	3	4	3
564	264	16	19	3	2	3
565	653	7	9	2	3	2
566	844	1	4	2	3	3
567	867	21	23	1	2	1
568	911	9	10	3	4	1
569	154	11	12	3	1	2
570	6	19	20	1	2	2
571	340	13	16	1	4	3
572	356	9	12	2	3	1
573	430	21	23	1	1	1
574	678	2	3	3	2	3
575	21	18	21	1	3	3
576	321	7	9	1	1	2
577	585	15	17	3	2	1
578	858	20	22	1	3	3
579	183	22	23	2	3	1
580	710	1	2	1	2	1
581	688	3	4	2	1	2
582	763	9	12	1	2	2
583	311	13	15	3	4	2
584	669	1	3	3	2	1
585	682	19	20	3	3	3
586	2	16	17	3	1	1
587	731	19	22	3	3	3
588	9	9	10	1	4	3
589	348	2	4	1	4	3
590	485	2	4	3	3	1
591	214	6	7	1	4	3
592	479	1	4	2	2	3
593	48	2	3	3	1	1
594	276	12	13	1	4	2
595	717	7	8	1	4	1
596	301	14	17	2	1	2
597	696	16	19	2	4	3
598	632	16	17	1	4	2
599	655	18	21	2	2	3
600	917	21	22	3	3	2
601	336	9	10	2	4	2
602	728	19	20	3	4	1
603	478	14	16	3	4	1
604	534	10	12	2	2	2
605	866	12	14	1	4	1
606	372	18	19	3	2	3
607	686	19	20	2	3	1
608	395	12	14	2	3	2
609	158	11	13	2	1	1
610	463	4	5	1	1	2
611	163	3	5	1	3	3
612	148	7	8	1	3	3
613	491	1	4	2	2	2
614	121	12	14	2	4	2
615	273	6	7	1	1	1
616	753	16	19	3	2	2
617	23	16	17	1	4	1
618	542	21	22	3	3	3
619	587	14	15	2	2	1
620	750	9	12	1	4	1
621	582	7	10	2	4	1
622	147	17	19	3	2	1
623	473	10	13	2	1	1
624	498	19	21	2	1	2
625	383	7	10	3	4	2
626	624	21	23	1	1	2
627	730	18	19	1	4	2
628	739	10	13	3	1	1
629	828	18	19	2	4	3
630	922	6	8	3	3	1
631	161	7	8	3	4	2
632	723	21	22	1	1	1
633	640	20	22	1	4	3
634	905	9	11	1	2	3
635	589	7	8	3	1	1
636	192	11	13	1	3	1
637	255	21	23	2	3	3
638	659	11	12	1	1	2
639	53	8	10	3	2	1
640	764	21	22	3	1	1
641	300	16	19	1	2	2
642	826	18	20	1	2	2
643	360	12	13	3	3	3
644	138	16	18	2	4	1
645	806	8	10	2	1	2
646	662	10	11	3	1	1
647	456	8	11	2	1	1
648	785	10	11	3	1	2
649	558	19	20	2	4	2
650	622	14	15	1	1	2
651	358	3	6	3	3	2
652	502	15	17	3	1	1
653	230	14	17	2	4	1
654	256	6	8	1	1	1
655	899	6	8	2	3	2
656	615	1	4	3	1	1
657	162	8	9	3	4	3
658	331	10	13	1	1	2
659	754	6	9	1	2	2
660	885	15	16	3	4	3
661	504	7	9	2	3	1
662	232	22	23	1	4	1
663	29	7	8	2	1	1
664	694	19	20	1	2	3
665	315	8	10	1	4	3
666	388	8	11	3	2	3
667	10	20	21	2	4	3
668	396	13	14	2	1	2
669	838	2	4	1	3	2
670	942	12	15	3	2	1
671	540	12	14	2	2	2
672	64	15	16	2	4	1
673	802	1	2	2	2	1
674	103	18	20	1	2	3
675	576	11	14	2	1	1
676	401	18	21	3	4	3
677	929	11	13	1	3	1
678	713	16	19	2	1	1
679	302	18	19	2	3	1
680	536	10	12	2	4	2
681	790	21	22	3	1	2
682	758	4	5	1	2	2
683	805	21	24	1	2	3
684	178	16	19	2	4	1
685	319	1	4	1	3	3
686	63	12	14	1	4	1
687	854	10	11	1	2	1
688	504	11	12	2	2	1
689	748	13	16	3	4	3
690	528	17	18	3	3	3
691	801	12	15	3	4	1
692	875	2	5	1	4	1
693	233	8	9	1	3	2
694	889	16	18	1	2	2
695	253	19	21	3	1	1
696	685	15	17	2	3	2
697	143	18	21	3	4	2
698	429	18	19	3	2	2
699	941	11	14	2	3	2
700	634	11	13	1	3	1
701	339	1	4	3	2	1
702	747	7	8	2	4	2
703	587	6	8	3	1	1
704	73	17	19	3	2	1
705	825	10	13	2	4	3
706	297	6	8	2	1	1
707	722	19	21	1	4	1
708	652	19	20	1	3	3
709	490	19	21	3	3	3
710	318	21	22	3	3	2
711	52	17	20	1	1	2
712	859	16	18	2	4	1
713	898	19	21	2	4	1
714	830	17	19	2	1	1
715	734	2	4	1	2	1
716	700	5	8	2	2	2
717	878	16	18	2	3	1
718	591	17	19	1	2	2
719	20	6	9	3	1	1
720	346	22	23	2	3	2
721	280	14	16	1	4	2
722	672	13	14	3	3	3
723	99	14	17	1	2	3
724	428	19	22	3	4	1
725	359	19	22	3	3	2
726	95	2	4	2	1	2
727	671	1	3	1	3	2
728	411	11	12	1	3	2
729	797	2	5	2	1	2
730	516	5	8	1	4	3
731	412	4	5	2	4	2
732	715	16	19	1	2	1
733	792	3	4	2	3	3
734	530	10	11	2	1	2
735	677	14	15	2	1	2
736	631	7	9	3	2	2
737	14	22	23	2	4	2
738	55	7	9	2	3	2
739	328	13	14	1	2	1
740	768	8	11	3	2	1
741	136	15	17	3	4	3
742	225	15	16	3	3	3
743	650	1	4	1	3	3
744	861	20	22	2	2	2
745	683	11	13	2	1	2
746	108	4	6	2	1	1
747	15	19	21	2	1	1
748	524	7	9	2	4	3
749	168	15	17	2	2	3
750	547	3	5	1	3	1
751	897	16	18	2	4	1
752	440	5	7	2	4	1
753	477	4	5	1	1	2
754	469	10	13	2	3	2
755	578	20	21	2	1	2
756	598	2	4	2	2	2
757	172	11	12	2	2	1
758	206	22	23	1	2	2
759	927	6	8	1	1	1
760	909	9	12	3	2	3
761	187	9	12	3	2	1
762	808	20	21	2	4	1
763	185	19	22	1	1	2
764	836	3	4	1	2	1
765	259	7	10	2	3	2
766	1	20	21	3	3	2
767	616	16	19	2	4	3
768	175	14	15	1	1	1
769	532	11	14	2	4	1
770	603	21	22	2	3	1
771	543	9	11	2	2	2
772	203	16	17	1	4	1
773	15	22	23	1	2	3
774	277	20	21	3	2	1
775	779	8	11	1	1	1
776	840	6	7	3	4	2
777	226	10	12	3	2	3
778	618	9	10	2	2	1
779	435	14	16	3	4	1
780	525	3	4	2	1	2
781	476	2	4	1	1	1
782	83	17	18	3	4	1
783	106	6	7	3	2	3
784	128	20	21	3	2	2
785	878	21	23	1	1	2
786	354	5	7	3	1	1
787	450	7	9	3	1	2
788	704	2	4	1	4	1
789	497	8	9	3	1	1
790	270	6	9	3	1	2
791	936	15	17	3	1	1
792	472	7	8	3	2	1
793	851	20	21	2	3	3
794	641	8	10	1	1	1
795	453	18	21	1	2	2
796	876	7	9	1	2	3
797	189	4	5	3	1	1
798	797	4	7	3	2	2
799	692	16	17	2	1	2
800	884	3	6	2	2	3
801	179	18	20	2	1	2
802	269	8	10	3	2	1
803	568	7	10	3	3	3
804	333	1	2	3	2	2
805	586	1	3	3	3	1
806	90	17	18	2	2	1
807	608	4	7	2	3	2
808	61	6	8	3	4	1
809	811	10	12	3	4	3
810	812	10	11	1	1	1
811	134	4	6	1	4	2
812	596	16	18	3	4	2
813	709	6	7	1	2	2
814	246	16	19	2	1	2
815	847	8	11	3	1	1
816	434	5	8	2	1	2
817	287	11	13	3	1	1
818	306	4	7	2	4	1
819	26	12	15	1	2	2
820	436	4	5	2	3	3
821	118	2	4	1	4	3
822	665	20	23	2	3	3
823	832	10	13	1	3	3
824	737	5	7	2	2	1
825	508	5	7	3	3	1
826	274	10	13	1	3	3
827	209	4	5	1	1	1
828	140	18	21	3	1	2
829	554	14	17	3	1	1
830	716	14	16	2	3	2
831	416	9	10	3	4	2
832	370	11	12	2	3	1
833	27	7	10	3	3	1
834	635	20	23	1	1	1
835	628	3	6	3	2	1
836	888	9	12	2	1	1
837	482	15	17	1	1	2
838	97	13	15	1	4	3
839	795	1	3	1	3	2
840	125	3	5	3	2	3
841	34	7	10	1	4	2
842	406	23	24	1	1	2
843	928	10	13	2	4	3
844	113	7	8	2	2	2
845	510	5	6	3	4	2
846	886	18	21	1	2	2
847	364	5	8	1	2	3
848	184	21	22	3	2	1
849	98	18	19	2	4	2
850	458	3	4	3	1	2
851	289	6	9	1	4	3
852	338	19	21	1	3	3
853	94	4	7	1	3	3
854	744	18	20	1	1	2
855	656	1	4	2	1	1
856	809	3	6	3	1	1
857	272	19	21	3	4	2
858	837	3	4	2	3	1
859	417	14	16	3	3	2
860	171	8	9	3	1	1
861	850	17	19	1	4	3
862	156	23	24	1	1	2
863	650	2	3	2	4	3
864	507	5	6	3	4	3
865	448	3	5	3	4	2
866	567	13	16	3	4	1
867	726	4	6	3	3	3
868	680	15	16	1	2	1
869	189	16	19	1	1	1
870	810	5	7	1	1	1
871	548	3	6	3	4	3
872	111	5	7	1	2	2
873	313	16	18	2	2	3
874	647	5	6	3	1	1
875	475	5	7	3	3	2
876	373	17	20	3	2	3
877	291	5	8	3	1	1
878	279	19	20	2	3	2
879	309	20	23	2	2	2
880	188	10	11	3	1	1
881	462	7	8	1	1	2
882	105	22	24	1	4	3
883	509	23	24	1	4	3
884	33	2	5	3	4	2
885	373	14	15	3	1	2
886	266	6	9	3	3	1
887	814	15	16	1	1	2
888	419	1	2	3	1	1
889	150	1	4	1	3	3
890	126	9	10	2	4	2
891	603	5	8	1	3	1
892	374	9	11	3	1	2
893	49	16	17	3	1	1
894	757	15	16	3	4	3
895	104	22	23	1	3	2
896	84	15	16	2	1	1
897	457	5	7	2	2	2
898	627	5	6	3	2	3
899	684	3	4	3	4	3
900	133	20	23	1	1	1
901	248	20	23	1	3	1
902	426	19	21	3	1	1
903	926	1	3	1	1	2
904	76	2	5	1	2	2
905	711	13	14	3	3	1
906	891	16	19	2	4	2
907	411	19	22	3	3	2
908	383	19	21	1	3	2
909	387	19	20	1	1	1
910	789	2	4	1	1	1
911	421	4	6	1	1	2
912	237	16	19	3	1	2
913	305	21	23	2	3	2
914	609	17	18	1	3	1
915	193	19	22	2	2	1
916	807	5	6	2	2	1
917	642	2	3	3	1	2
918	166	20	22	3	1	1
919	930	19	22	1	1	2
920	817	11	12	3	1	1
921	2	11	12	2	2	1
922	546	15	18	3	2	2
923	165	19	20	3	1	2
924	848	19	21	1	1	1
925	160	6	7	1	4	3
926	934	14	16	2	3	3
927	292	17	20	1	2	2
928	271	4	6	3	1	2
929	441	2	4	3	1	2
930	219	6	8	3	1	2
931	707	5	6	3	1	2
932	891	2	3	1	1	1
933	544	5	7	3	3	2
934	345	19	21	3	1	1
935	407	5	6	1	4	3
936	903	19	21	3	1	1
937	691	16	18	2	1	2
938	398	17	19	3	1	1
939	137	16	17	3	1	1
940	343	13	14	2	3	2
941	852	4	5	3	2	1
942	357	10	11	2	3	2
943	775	6	7	3	1	2
944	667	6	7	3	3	1
945	220	14	16	3	4	1
946	59	2	5	1	3	1
947	570	7	8	2	3	3
948	431	10	13	1	1	2
949	12	9	10	3	1	2
950	211	21	23	2	1	1
951	107	11	14	3	3	1
952	846	18	19	2	2	3
953	397	11	14	2	3	1
954	324	20	21	2	1	2
955	855	5	8	2	3	3
956	329	11	13	1	4	2
957	796	17	20	2	2	1
958	197	15	18	1	1	2
959	80	10	11	2	3	2
960	142	9	10	2	2	2
961	316	14	17	2	4	1
962	527	7	8	2	1	2
963	518	13	14	3	1	1
964	697	5	6	1	1	2
965	920	11	12	2	2	2
966	787	17	18	3	3	1
967	4	9	11	2	3	3
968	522	10	13	2	2	2
969	690	21	23	1	2	1
970	687	4	5	2	3	2
971	405	18	19	2	2	3
972	454	1	3	1	1	2
973	92	20	22	2	4	1
974	822	22	23	2	4	2
975	584	13	15	2	2	1
976	238	7	10	2	1	1
977	389	16	19	2	2	1
978	264	5	6	2	4	3
979	499	2	5	1	1	1
980	139	15	17	3	3	2
981	636	14	15	1	2	1
982	117	19	22	1	4	1
983	18	19	22	2	4	1
984	385	2	5	1	1	1
985	908	9	10	2	2	3
986	653	19	21	3	1	1
987	727	13	15	2	1	1
988	581	13	16	1	1	1
989	751	3	6	1	3	3
990	583	2	4	2	1	1
991	924	10	13	3	1	1
992	533	12	15	3	4	1
993	8	2	3	2	1	2
994	298	1	2	1	4	1
995	523	18	20	2	2	3
996	420	4	5	3	4	3
997	7	6	9	1	4	3
998	17	4	5	2	3	2
999	208	21	23	2	3	2
1000	122	12	15	2	1	2

