DATASET = All time best instance set VeRoLog competition
NAME = tools over vehicle days over vehicles over distance with 100 requests over 10 days

DAYS = 10
CAPACITY = 35
MAX_TRIP_DISTANCE = 20000
DEPOT_COORDINATE = 0

VEHICLE_COST = 3000
VEHICLE_DAY_COST = 200000
DISTANCE_COST = 1

TOOLS = 5
1	3	26	10000000
2	6	24	20000000
3	3	22	40000000
4	3	20	50000000
5	9	22	20000000

COORDINATES = 101
0	7688	8161
1	9067	6166
2	8280	6352
3	8565	6469
4	8592	6497
5	7434	6505
6	6534	6760
7	4576	6880
8	5019	2754
9	7672	7035
10	8967	7072
11	6793	7082
12	8138	7158
13	3527	7281
14	3615	7408
15	4309	7427
16	7305	7616
17	5585	7847
18	6036	7875
19	9879	7932
20	8872	7950
21	5489	8048
22	3539	8057
23	9339	8072
24	6777	8205
25	2549	4498
26	3589	8378
27	4017	6506
28	8118	4505
29	9119	7608
30	7485	8570
31	6305	8653
32	5815	8835
33	9782	8970
34	5496	9020
35	7360	9056
36	6361	9149
37	6177	9177
38	9638	8272
39	7968	4659
40	7564	9333
41	8890	9349
42	7991	6673
43	8593	9433
44	8585	9456
45	9087	9523
46	8187	9634
47	4126	5249
48	8081	9128
49	5361	8147
50	8378	5249
51	7410	5265
52	3679	5352
53	6499	7403
54	6529	1813
55	5847	1908
56	6005	2069
57	6297	2134
58	4850	2222
59	5057	2344
60	5392	2351
61	3995	2608
62	4674	2608
63	6730	2658
64	6942	2673
65	3618	2760
66	5402	2862
67	6121	3088
68	5011	3097
69	6487	3149
70	7091	5655
71	5434	3298
72	6284	7679
73	2246	3567
74	4974	3686
75	4245	3710
76	3871	4115
77	4390	4218
78	8842	4271
79	8524	4327
80	4317	4396
81	7849	4398
82	3431	4405
83	7481	4484
84	7510	4536
85	3557	4854
86	5363	4948
87	7396	4952
88	4644	5014
89	7009	5094
90	4553	5130
91	5491	5148
92	5090	5156
93	7542	5196
94	8338	4305
95	7557	5479
96	4962	5515
97	8789	5621
98	7633	6052
99	8435	5732
100	8044	6129

REQUESTS = 100
1	48	6	9	1	2	1
2	22	5	6	2	2	1
3	79	3	4	1	5	2
4	3	7	8	2	2	3
5	13	2	4	2	3	2
6	52	7	8	2	5	2
7	73	5	6	1	5	1
8	88	4	7	2	1	3
9	38	3	5	3	3	2
10	77	3	4	3	5	2
11	27	2	5	1	5	3
12	44	5	6	2	4	2
13	49	1	2	3	5	1
14	46	4	7	2	2	1
15	55	5	8	1	2	2
16	14	5	7	2	4	3
17	76	1	3	2	1	1
18	5	3	4	3	5	1
19	59	5	7	1	5	2
20	35	4	7	2	3	1
21	86	7	8	2	5	3
22	17	2	3	3	1	3
23	83	3	4	3	3	1
24	93	2	5	2	2	1
25	95	2	4	3	1	3
26	15	1	3	2	4	1
27	31	2	4	2	3	2
28	36	3	4	2	1	2
29	1	4	5	3	2	1
30	78	3	5	1	2	1
31	74	3	6	3	5	3
32	66	6	9	1	3	2
33	4	7	9	1	2	1
34	51	2	3	3	5	1
35	11	4	6	3	2	3
36	70	5	7	2	4	3
37	84	1	4	2	4	3
38	19	7	8	1	2	1
39	99	3	6	2	4	1
40	28	4	6	2	4	1
41	94	4	7	1	2	2
42	45	2	5	2	3	2
43	26	4	6	1	3	2
44	42	1	3	1	3	2
45	69	5	6	3	5	3
46	53	3	5	3	4	3
47	10	1	3	3	3	1
48	68	2	5	2	1	2
49	33	4	7	3	1	1
50	63	2	3	3	5	3
51	9	3	4	2	4	3
52	20	3	6	3	2	3
53	71	4	7	3	2	1
54	6	3	6	1	4	1
55	60	3	4	2	1	2
56	89	3	4	1	2	3
57	92	4	6	2	1	1
58	16	1	3	1	5	2
59	67	2	3	3	3	2
60	41	1	4	3	5	1
61	85	1	4	1	1	3
62	7	2	3	1	4	1
63	62	4	5	1	4	3
64	2	2	3	2	5	2
65	57	5	7	3	5	3
66	50	4	6	2	4	1
67	39	3	6	2	2	3
68	87	5	7	1	5	1
69	12	3	4	3	5	1
70	23	4	6	3	5	3
71	96	4	5	3	4	2
72	97	4	6	1	5	3
73	54	5	6	3	1	2
74	90	4	7	3	2	3
75	47	5	7	1	1	2
76	29	4	6	2	3	3
77	30	2	5	1	1	1
78	75	6	8	2	2	3
79	58	2	3	2	1	2
80	64	5	6	3	2	1
81	80	5	7	3	2	1
82	98	5	7	3	4	1
83	21	2	3	2	5	2
84	91	3	6	3	4	1
85	61	5	6	3	4	1
86	100	1	3	3	1	3
87	32	4	5	1	5	1
88	40	7	9	1	1	3
89	81	6	8	1	1	3
90	72	4	5	2	1	2
91	24	5	8	1	5	3
92	18	4	5	2	3	2
93	82	3	4	1	3	3
94	8	2	5	3	3	3
95	34	6	8	1	1	1
96	43	4	6	1	3	1
97	25	6	8	1	4	1
98	65	2	5	3	4	3
99	37	4	7	3	3	1
100	56	2	4	1	4	1

