DATASET = All time best instance set VeRoLog competition
NAME = tools over vehicles over vehicle days over distance with 100 requests over 10 days

DAYS = 10
CAPACITY = 50
MAX_TRIP_DISTANCE = 16000
DEPOT_COORDINATE = 0

VEHICLE_COST = 500000
VEHICLE_DAY_COST = 4000
DISTANCE_COST = 1

TOOLS = 3
1	12	24	30000000
2	12	40	10000000
3	12	34	40000000

COORDINATES = 101
0	3976	3992
1	6650	8181
2	8240	6457
3	3711	6477
4	7662	6557
5	8443	6593
6	8704	6811
7	4663	6866
8	4064	6977
9	3697	7126
10	3688	7144
11	7965	8356
12	8451	4378
13	6321	7684
14	7422	7978
15	7521	8068
16	7221	4459
17	3619	4463
18	5961	8208
19	5612	8399
20	8528	8566
21	4575	4539
22	7792	8621
23	3933	6549
24	5661	8641
25	8218	8657
26	9405	8733
27	6890	9127
28	6360	9200
29	8198	9248
30	7966	9261
31	9170	9505
32	1879	2873
33	7885	6084
34	8455	6102
35	7698	9093
36	4286	5131
37	6755	358
38	8142	5186
39	6096	468
40	8042	5291
41	7267	5774
42	6841	1813
43	1023	1995
44	1573	2309
45	4590	2398
46	2593	2525
47	6641	2604
48	7042	2637
49	6128	2713
50	4137	2790
51	516	2850
52	6741	2870
53	3402	2897
54	9754	8228
55	5628	3188
56	4558	3221
57	5138	3278
58	6402	3322
59	5953	3324
60	3761	3332
61	1756	3355
62	5647	3388
63	2674	3594
64	2057	3712
65	4454	3953
66	6681	3976
67	8347	4141
68	4743	4318
69	7132	4394
70	8607	4407
71	5793	4543
72	8281	4670
73	3857	4736
74	8760	4868
75	5441	4924
76	8203	5017
77	3968	5104
78	7106	5131
79	8391	5141
80	8719	5166
81	8532	5261
82	7837	4967
83	7820	5317
84	7740	5357
85	7966	5360
86	7584	5366
87	8544	5387
88	5182	5485
89	7713	5490
90	4031	5501
91	7673	5590
92	7703	5593
93	7207	5615
94	4280	5641
95	4863	4060
96	7781	5854
97	8674	5858
98	8293	5899
99	8417	5962
100	9467	6118

REQUESTS = 100
1	22	5	7	2	3	2
2	59	5	8	2	1	1
3	5	1	4	3	3	3
4	82	4	6	2	2	3
5	41	3	5	2	3	1
6	30	6	9	1	3	2
7	65	2	3	1	2	1
8	53	2	4	3	3	1
9	72	6	8	2	1	1
10	86	6	7	3	1	2
11	37	5	8	2	2	3
12	55	5	6	2	2	2
13	3	6	7	3	3	2
14	7	1	2	1	1	1
15	1	3	6	2	3	2
16	39	2	3	2	2	3
17	2	5	7	2	3	1
18	44	4	7	3	1	3
19	47	4	5	2	3	1
20	24	6	8	1	3	1
21	60	6	9	1	3	1
22	80	6	7	2	1	1
23	38	6	7	1	1	2
24	13	2	5	3	3	2
25	98	1	3	3	2	3
26	10	7	8	2	2	3
27	69	2	3	2	2	1
28	49	4	7	2	2	3
29	42	1	3	2	1	3
30	16	2	4	3	1	2
31	50	3	4	1	2	3
32	28	3	5	2	1	1
33	71	1	2	3	2	3
34	99	2	5	3	1	1
35	63	4	6	1	2	3
36	4	2	5	3	3	3
37	34	4	5	2	3	1
38	9	3	4	2	2	1
39	77	6	8	2	1	1
40	88	3	6	3	1	2
41	74	8	9	1	3	3
42	36	2	3	2	1	3
43	66	4	7	3	1	3
44	35	7	9	1	3	2
45	46	3	5	2	2	3
46	62	2	3	2	1	1
47	84	4	5	3	2	2
48	12	5	7	2	2	1
49	79	4	7	1	1	1
50	75	2	5	1	1	1
51	100	3	4	2	1	2
52	91	2	5	1	3	3
53	56	3	4	3	1	3
54	93	6	8	2	2	3
55	33	2	3	3	3	2
56	40	5	7	3	2	2
57	29	2	4	2	2	3
58	18	1	4	2	2	2
59	95	4	7	2	1	1
60	17	7	8	1	2	1
61	90	1	3	3	2	2
62	64	3	5	2	3	2
63	6	8	9	1	1	1
64	25	6	9	1	2	3
65	94	3	6	1	3	1
66	21	4	7	2	3	2
67	8	4	7	1	3	3
68	68	1	2	2	1	1
69	70	1	2	1	2	3
70	58	1	2	2	2	3
71	27	7	8	1	1	3
72	51	2	3	1	3	3
73	54	3	4	2	3	2
74	76	3	6	2	3	3
75	85	4	5	1	1	1
76	92	7	8	1	2	2
77	83	5	7	3	2	1
78	48	5	6	3	2	3
79	43	2	5	3	2	3
80	11	1	4	3	3	3
81	89	1	4	3	3	3
82	61	6	7	3	2	3
83	26	5	6	1	3	3
84	57	6	8	2	1	3
85	32	6	8	1	2	2
86	15	1	3	2	1	2
87	96	1	4	1	3	1
88	67	2	3	3	1	3
89	81	2	3	2	2	3
90	87	5	6	3	1	1
91	52	2	4	3	1	1
92	78	5	7	2	3	1
93	73	3	4	3	2	3
94	45	2	3	2	3	2
95	14	1	4	2	3	1
96	19	2	4	2	3	3
97	20	2	5	1	2	3
98	31	3	5	2	2	2
99	97	4	7	1	3	3
100	23	5	6	3	2	2

