DATASET = All time best instance set VeRoLog competition
NAME = tools over distance over vehicle days over vehicles with 100 requests over 10 days

DAYS = 10
CAPACITY = 35
MAX_TRIP_DISTANCE = 16000
DEPOT_COORDINATE = 0

VEHICLE_COST = 1
VEHICLE_DAY_COST = 2000
DISTANCE_COST = 100000

TOOLS = 3
1	6	30	40000000
2	12	34	10000000
3	15	20	40000000

COORDINATES = 99
0	5445	2890
1	9080	6131
2	8173	6168
3	8208	4163
4	3605	6175
5	8642	6679
6	8598	6808
7	6885	6862
8	7749	6876
9	6939	8236
10	6879	8302
11	7654	7289
12	4965	4328
13	8137	7385
14	7965	8356
15	9667	7584
16	8609	7590
17	6430	7690
18	8572	7723
19	9419	8007
20	8219	8022
21	7232	8164
22	6232	8181
23	8097	5142
24	5961	8208
25	3877	8418
26	8887	8486
27	6354	8578
28	5555	8623
29	7837	9046
30	6048	9127
31	8749	9144
32	6879	9200
33	6759	9346
34	8707	9376
35	8360	9415
36	3191	2709
37	6844	9643
38	1879	2873
39	7955	6993
40	7567	4687
41	3899	5109
42	4282	6546
43	5409	3131
44	4007	5209
45	3641	5210
46	8042	5291
47	2942	4966
48	5661	3402
49	4428	5445
50	5882	2071
51	4703	2075
52	5781	2223
53	6272	2278
54	6537	2297
55	6523	9415
56	5622	3812
57	5402	2862
58	3420	6225
59	7792	5601
60	3833	2992
61	3870	3052
62	2293	3061
63	8119	7636
64	3994	3263
65	2898	3293
66	5869	3390
67	4499	3475
68	6341	3513
69	4225	3706
70	5262	3644
71	5529	3671
72	5754	3820
73	5072	4010
74	5656	4036
75	4139	4141
76	6222	4154
77	4503	4235
78	3809	4241
79	4067	4372
80	6024	4375
81	5738	4499
82	4875	4559
83	7261	4663
84	3646	4801
85	8778	4931
86	7547	4955
87	4186	5085
88	8122	5151
89	7922	5203
90	5273	5326
91	6929	5441
92	7816	5497
93	4681	4052
94	6790	5689
95	9437	5720
96	7928	5907
97	4242	6059
98	7656	6109

REQUESTS = 100
1	89	4	7	1	1	1
2	50	3	6	3	1	3
3	21	5	6	3	2	2
4	52	1	3	2	2	1
5	69	1	4	3	2	2
6	86	6	7	3	1	2
7	91	2	5	1	3	1
8	55	1	4	1	3	1
9	9	7	8	2	3	2
10	31	7	8	2	1	1
11	44	1	2	1	1	2
12	49	2	3	3	1	1
13	30	4	5	1	2	2
14	74	3	6	3	2	2
15	79	3	5	1	1	1
16	66	6	8	1	3	2
17	95	5	7	2	2	2
18	34	6	7	2	3	1
19	72	1	2	1	2	2
20	63	4	7	2	3	1
21	22	3	6	1	2	2
22	10	2	4	3	1	3
23	82	2	3	2	2	1
24	32	3	4	1	3	2
25	67	6	9	1	3	1
26	51	2	5	2	3	2
27	7	7	9	1	1	1
28	9	4	7	1	2	2
29	53	3	6	1	1	2
30	73	4	6	1	2	2
31	62	6	7	2	2	2
32	98	5	6	1	3	1
33	2	7	9	1	3	2
34	11	4	6	1	1	3
35	75	2	3	1	3	1
36	5	4	6	3	1	2
37	81	3	6	1	2	2
38	96	4	7	3	3	2
39	41	2	5	3	2	1
40	1	4	7	2	2	2
41	93	6	7	2	2	2
42	70	5	8	2	2	2
43	20	7	9	1	2	1
44	59	1	2	1	2	1
45	84	4	5	1	3	2
46	37	6	7	2	2	2
47	43	3	4	2	2	2
48	15	7	8	1	1	1
49	65	3	6	3	2	1
50	87	1	4	3	1	2
51	77	2	4	2	2	2
52	78	8	9	1	3	1
53	35	1	2	1	3	2
54	90	5	6	1	3	1
55	19	4	7	3	2	2
56	8	1	4	3	1	2
57	47	2	5	2	1	3
58	39	2	4	1	3	1
59	4	1	4	3	3	1
60	27	2	5	2	3	2
61	46	4	6	3	3	1
62	45	5	6	3	1	1
63	29	1	4	3	3	2
64	68	1	4	3	2	1
65	92	3	6	1	2	1
66	3	2	4	3	1	1
67	83	1	2	3	2	1
68	17	2	4	1	3	1
69	36	6	9	1	2	1
70	76	1	3	1	2	2
71	6	2	5	1	3	1
72	23	2	5	3	1	3
73	94	1	3	3	2	2
74	42	1	2	2	1	1
75	48	3	5	3	3	1
76	79	4	7	1	2	1
77	97	3	5	1	2	2
78	12	5	7	2	1	3
79	13	4	7	1	2	1
80	28	7	9	1	1	1
81	80	3	6	1	3	1
82	16	3	5	1	1	3
83	26	5	7	1	2	2
84	24	1	4	1	3	1
85	71	5	6	2	3	1
86	88	4	5	1	2	2
87	57	3	4	2	3	1
88	40	2	5	2	1	1
89	54	3	4	3	2	1
90	85	1	3	3	1	3
91	25	2	4	3	1	1
92	61	2	5	2	2	2
93	60	3	4	3	3	2
94	58	3	5	2	1	1
95	56	4	7	3	3	2
96	38	6	8	2	2	1
97	33	6	9	1	1	1
98	64	6	8	2	1	3
99	18	2	4	2	1	3
100	14	4	6	2	3	2

