DATASET = All time best instance set VeRoLog competition
NAME = vehicles over tools over vehicle days over distance with 100 requests over 10 days

DAYS = 10
CAPACITY = 40
MAX_TRIP_DISTANCE = 17000
DEPOT_COORDINATE = 0

VEHICLE_COST = 50000000
VEHICLE_DAY_COST = 1000
DISTANCE_COST = 1

TOOLS = 2
1	9	46	100000
2	6	38	100000

COORDINATES = 101
0	7410	5448
1	9432	6187
2	3979	5133
3	6572	140
4	7462	6312
5	3968	6428
6	7458	6469
7	7171	6573
8	8721	6595
9	7699	6674
10	3748	6694
11	7760	6868
12	8730	6960
13	8023	6961
14	8242	7105
15	4528	2361
16	6749	7114
17	3484	7181
18	7939	7191
19	2288	4310
20	6694	7279
21	7793	7324
22	6540	7380
23	8328	7461
24	8710	7489
25	10000	8386
26	7441	7670
27	5648	7809
28	6480	8059
29	7955	8382
30	7633	6506
31	5790	8560
32	6465	8726
33	3910	8726
34	5501	8742
35	7502	8971
36	7120	9383
37	8043	9386
38	2737	2703
39	6165	9863
40	4492	2798
41	2023	2893
42	3580	5011
43	7574	5031
44	8548	5334
45	8729	9183
46	6517	2164
47	5798	3304
48	8730	5379
49	2769	2643
50	7407	7562
51	5623	2725
52	2936	2734
53	2934	2794
54	2685	3119
55	6339	3178
56	1527	3254
57	3717	3323
58	5407	3458
59	1855	3527
60	6924	3531
61	4768	3680
62	4025	3682
63	4986	3722
64	5103	3865
65	4567	3950
66	4000	4010
67	6820	4167
68	5217	4168
69	8240	4265
70	4120	4213
71	8328	4283
72	7242	4438
73	5807	4441
74	4030	4463
75	8686	4534
76	7344	4615
77	3717	4620
78	7987	4646
79	7756	4662
80	7573	4728
81	8348	4748
82	5508	4783
83	7897	4856
84	8173	4962
85	3663	4984
86	8645	5017
87	2758	5175
88	4307	5199
89	9059	5202
90	7922	5203
91	8683	5354
92	3920	5435
93	7638	5445
94	8314	5446
95	7588	5569
96	7433	5626
97	7621	5654
98	8435	5732
99	9559	6070
100	9074	6102

REQUESTS = 100
1	85	4	7	2	1	1
2	33	2	5	1	2	1
3	7	5	7	3	2	1
4	37	3	6	2	1	3
5	44	1	4	3	1	2
6	60	3	5	3	2	1
7	53	2	5	2	2	1
8	57	3	6	2	1	3
9	24	1	2	1	1	1
10	79	4	5	3	1	3
11	19	2	5	2	1	2
12	5	2	4	2	1	2
13	88	3	5	3	1	2
14	15	3	4	3	2	3
15	59	3	5	3	1	3
16	39	3	5	3	1	2
17	97	2	3	2	2	1
18	2	2	3	2	1	2
19	54	5	7	3	1	3
20	27	5	8	1	1	2
21	64	7	9	1	2	2
22	76	2	4	3	1	3
23	89	6	9	1	1	1
24	21	3	5	2	1	3
25	10	6	9	1	2	1
26	32	1	4	2	2	3
27	40	4	5	2	2	1
28	22	1	4	3	1	2
29	28	1	2	3	1	2
30	80	3	6	3	1	1
31	100	1	3	3	1	2
32	41	5	7	2	2	2
33	83	6	8	2	2	2
34	48	3	6	1	2	2
35	84	1	4	3	2	2
36	68	1	3	1	1	3
37	4	2	3	2	2	3
38	91	1	4	1	2	2
39	72	3	6	2	2	1
40	50	2	5	1	1	2
41	73	4	7	3	2	2
42	23	4	6	3	1	1
43	67	2	3	2	2	2
44	95	3	4	3	1	1
45	62	3	4	2	2	1
46	11	5	8	1	1	3
47	18	3	5	1	1	2
48	58	4	5	1	1	3
49	90	3	6	1	1	2
50	61	5	7	1	2	3
51	49	5	7	2	2	3
52	30	4	6	3	1	2
53	75	4	7	1	1	1
54	17	6	8	2	1	2
55	65	6	8	2	1	1
56	36	3	5	3	1	1
57	96	4	6	1	2	2
58	52	5	7	2	2	1
59	31	2	5	2	1	2
60	43	1	3	3	2	3
61	70	3	6	2	2	3
62	29	2	5	2	2	2
63	34	6	8	2	1	1
64	78	2	4	1	1	1
65	35	3	5	3	1	2
66	12	3	4	1	2	2
67	51	2	3	1	2	1
68	3	6	8	1	1	3
69	46	3	4	2	1	1
70	1	2	3	2	1	3
71	13	1	2	2	1	3
72	6	6	9	1	2	2
73	47	5	6	3	1	2
74	9	5	6	2	1	3
75	42	3	5	2	1	2
76	77	1	4	3	1	3
77	71	3	6	2	2	3
78	56	6	7	2	2	2
79	82	4	5	2	1	3
80	86	1	4	2	1	2
81	26	1	3	3	2	3
82	93	5	8	1	1	1
83	25	2	5	1	2	3
84	38	3	6	3	2	2
85	99	5	7	1	1	1
86	63	4	7	3	1	3
87	8	3	6	1	2	3
88	14	3	5	2	1	1
89	20	6	8	2	1	2
90	87	2	4	2	2	2
91	16	3	5	1	2	2
92	55	3	4	1	1	1
93	98	7	8	1	2	1
94	69	2	3	1	2	1
95	92	1	4	1	2	2
96	66	2	5	2	2	2
97	81	4	7	3	1	2
98	45	5	7	1	1	1
99	74	1	4	3	2	1
100	94	4	7	2	1	3

