DATASET = All time best instance set VeRoLog competition
NAME = vehicle days over tools over vehicles over distance with 100 requests over 10 days

DAYS = 10
CAPACITY = 45
MAX_TRIP_DISTANCE = 15000
DEPOT_COORDINATE = 0

VEHICLE_COST = 2000
VEHICLE_DAY_COST = 40000000
DISTANCE_COST = 1

TOOLS = 4
1	6	32	400000
2	9	34	500000
3	3	30	500000
4	9	18	400000

COORDINATES = 101
0	3917	6819
1	9092	6192
2	3457	4335
3	7824	6573
4	6761	6579
5	3416	6705
6	7997	6751
7	8205	6813
8	7820	6916
9	8144	6988
10	7839	7037
11	4102	7253
12	8119	7528
13	3785	7564
14	7734	7611
15	5733	7684
16	9558	7735
17	5391	8312
18	6748	8525
19	7882	8504
20	7714	8518
21	7780	8565
22	7680	8702
23	6386	8717
24	5697	8795
25	8642	4576
26	9700	9138
27	8611	9272
28	7767	9300
29	6597	9383
30	9167	9580
31	3820	8478
32	3899	5109
33	4279	3150
34	2923	3215
35	6195	801
36	6486	1602
37	6399	1647
38	6418	1717
39	7358	8191
40	6503	1958
41	3035	2991
42	6510	2118
43	756	2163
44	7789	5478
45	6272	2278
46	6277	2503
47	4220	2615
48	8436	5556
49	2598	2701
50	3822	2737
51	4439	5600
52	6290	2979
53	6077	2996
54	6763	3033
55	6547	3090
56	4660	3165
57	4527	3199
58	3736	3213
59	5626	3258
60	2341	3343
61	4030	3380
62	5580	3484
63	4675	3517
64	5942	3630
65	5333	3696
66	5853	3720
67	4971	3775
68	6745	3822
69	4396	3910
70	3752	3975
71	3705	4081
72	1957	4091
73	4162	4331
74	8323	7999
75	2720	4446
76	4714	4452
77	8296	4462
78	7063	4504
79	4294	4510
80	4757	4515
81	8692	4523
82	6114	7867
83	8281	4670
84	3863	4728
85	8605	4832
86	7996	4886
87	8284	4929
88	4050	5126
89	7106	5131
90	8697	5228
91	7382	5262
92	8968	5297
93	7329	5304
94	7207	5393
95	7044	5420
96	8167	5453
97	8835	5944
98	9096	5950
99	7870	6105
100	9004	6108

REQUESTS = 100
1	62	1	2	1	1	3
2	60	7	8	2	2	1
3	10	3	4	3	3	3
4	54	3	5	2	4	2
5	11	3	6	2	1	2
6	20	1	3	3	2	1
7	48	4	7	3	4	3
8	37	1	3	3	3	1
9	52	1	2	2	1	3
10	98	1	4	1	4	1
11	99	1	3	3	3	3
12	12	8	9	1	2	1
13	95	8	9	1	1	3
14	57	4	7	3	1	2
15	89	1	2	2	4	3
16	23	1	4	1	1	3
17	21	1	2	3	2	1
18	26	1	2	3	1	1
19	24	2	3	2	2	1
20	8	4	6	3	4	1
21	67	6	8	1	2	2
22	53	3	4	2	1	1
23	34	2	5	1	3	3
24	51	4	7	2	2	1
25	63	7	8	2	1	2
26	73	4	6	3	3	3
27	91	1	4	3	1	3
28	92	2	3	3	1	1
29	42	1	3	2	4	1
30	45	5	8	1	4	2
31	80	2	5	2	4	1
32	47	2	3	2	2	1
33	93	2	4	1	2	1
34	2	6	7	3	2	3
35	77	6	8	2	4	2
36	4	5	7	1	3	3
37	78	1	3	3	4	3
38	15	4	7	3	3	3
39	85	1	3	3	2	1
40	70	1	3	2	4	3
41	83	5	6	1	3	2
42	65	3	6	3	1	2
43	22	5	6	2	4	1
44	7	6	7	2	1	3
45	86	3	4	1	3	2
46	88	6	8	1	2	2
47	39	5	7	1	2	1
48	90	5	7	3	1	2
49	56	6	9	1	1	1
50	41	1	3	1	2	1
51	76	5	7	2	3	3
52	64	1	4	3	3	3
53	43	4	5	1	1	3
54	61	4	7	2	2	3
55	46	8	9	1	1	3
56	31	3	4	3	3	3
57	16	1	2	2	1	1
58	68	5	7	1	2	3
59	44	4	7	2	4	1
60	97	3	5	3	2	3
61	49	5	7	2	2	1
62	38	2	4	3	1	1
63	29	4	5	1	2	2
64	32	5	8	2	3	3
65	13	4	6	2	4	1
66	66	6	7	2	1	1
67	75	8	9	1	4	2
68	96	1	4	2	2	3
69	9	2	5	2	4	1
70	87	1	3	2	2	1
71	30	2	4	3	3	1
72	79	1	4	3	2	1
73	5	2	5	1	1	3
74	19	5	6	3	1	3
75	59	4	6	3	1	3
76	18	2	3	2	2	2
77	3	5	6	3	1	1
78	84	6	8	2	2	2
79	28	1	2	1	2	3
80	25	4	5	3	1	2
81	71	7	8	1	2	3
82	17	2	4	3	4	2
83	69	3	4	1	2	3
84	6	1	3	3	1	2
85	27	2	3	1	2	2
86	50	1	2	1	1	3
87	55	3	6	2	3	1
88	81	5	6	3	4	2
89	40	1	2	2	1	1
90	1	3	4	2	2	2
91	36	7	8	1	4	2
92	58	4	6	3	1	2
93	72	3	6	3	2	2
94	94	2	5	1	4	3
95	33	3	6	3	2	3
96	14	3	4	1	2	3
97	74	1	3	1	3	3
98	100	4	6	3	3	2
99	35	2	5	3	2	2
100	82	6	8	2	1	3

