DATASET = All time best instance set VeRoLog competition
NAME = tools over vehicles over vehicle days over distance with 100 requests over 5 days

DAYS = 5
CAPACITY = 50
MAX_TRIP_DISTANCE = 20000
DEPOT_COORDINATE = 0

VEHICLE_COST = 200000
VEHICLE_DAY_COST = 3000
DISTANCE_COST = 1

TOOLS = 3
1	15	54	20000000
2	15	60	10000000
3	3	52	10000000

COORDINATES = 101
0	7688	8161
1	8736	6181
2	9037	6199
3	8153	6153
4	5361	4335
5	4271	6357
6	8592	6497
7	7662	6557
8	8721	6595
9	7279	6665
10	4032	6832
11	7785	6896
12	3928	7052
13	9156	7113
14	7443	7253
15	8076	7262
16	3645	7488
17	7018	7533
18	7099	7553
19	8343	4778
20	6235	7751
21	5229	7804
22	6907	7911
23	6014	7968
24	7437	8025
25	6173	8081
26	5471	8331
27	7752	8348
28	7634	8349
29	7696	8506
30	6636	8401
31	6166	8621
32	5914	8715
33	7277	5068
34	7100	9003
35	7751	9147
36	6040	9179
37	7631	9212
38	7382	9291
39	6935	9479
40	8394	9583
41	6844	9643
42	5814	8727
43	3467	4734
44	694	2732
45	6207	9865
46	8912	7259
47	2788	4905
48	4646	4085
49	4028	6956
50	3885	4115
51	6395	66
52	8893	9144
53	7712	5219
54	8765	5220
55	4008	7270
56	6846	3496
57	8510	9381
58	6486	1602
59	6335	1636
60	5226	2015
61	7247	2026
62	8328	7471
63	6850	7530
64	3117	2508
65	4968	2559
66	773	2637
67	3932	2752
68	6632	2846
69	5831	2850
70	638	2937
71	5526	3001
72	5598	3034
73	6333	3088
74	8119	7636
75	6487	3149
76	5481	3587
77	4942	3771
78	4609	3804
79	5598	3843
80	5995	7857
81	6877	4208
82	4067	4372
83	8642	4384
84	2864	4457
85	7928	4553
86	8321	4597
87	8365	4841
88	9157	5173
89	8198	5259
90	4009	5319
91	3905	5503
92	8492	5596
93	8969	5622
94	9617	5686
95	7693	5714
96	4251	6015
97	4242	6059
98	8232	6078
99	3532	6083
100	8630	6094

REQUESTS = 100
1	39	2	3	2	2	3
2	62	1	2	3	3	1
3	70	1	3	2	3	2
4	20	1	2	3	3	1
5	14	1	3	1	1	3
6	94	1	2	3	3	1
7	59	1	2	2	1	3
8	79	3	4	1	2	2
9	18	1	2	3	1	3
10	38	1	3	2	2	3
11	45	1	3	2	1	3
12	8	1	2	3	3	2
13	66	2	4	1	2	2
14	84	1	3	2	3	1
15	95	1	2	3	1	3
16	6	2	3	2	2	2
17	55	1	2	3	3	3
18	91	1	2	3	2	3
19	13	1	4	1	3	3
20	93	1	2	3	2	3
21	30	1	3	2	2	2
22	58	1	2	2	2	3
23	12	1	2	2	1	1
24	99	1	4	1	3	1
25	87	1	3	2	3	1
26	21	1	2	3	1	1
27	56	2	4	1	3	2
28	15	1	2	3	3	2
29	67	1	2	3	2	3
30	64	2	3	2	2	2
31	2	1	2	1	3	1
32	28	1	3	2	2	1
33	33	1	3	2	3	2
34	71	3	4	1	3	3
35	48	2	3	1	3	2
36	17	1	2	3	1	1
37	65	1	2	3	3	3
38	86	2	4	1	1	2
39	98	1	2	3	2	3
40	44	1	3	2	1	2
41	76	1	2	3	3	1
42	63	1	2	1	3	2
43	23	1	3	2	1	3
44	22	2	3	2	1	1
45	89	1	2	3	1	2
46	97	1	2	3	2	3
47	11	1	2	3	3	2
48	74	1	2	3	2	2
49	43	1	4	1	2	2
50	100	1	3	2	1	2
51	4	1	2	3	1	3
52	5	1	2	1	1	1
53	27	1	2	2	1	1
54	72	1	2	3	2	2
55	35	2	3	1	3	2
56	40	1	2	3	3	3
57	82	1	2	3	3	2
58	29	1	2	1	1	1
59	41	1	2	3	1	1
60	7	1	3	2	1	3
61	60	1	2	3	3	2
62	19	1	2	3	3	2
63	80	1	3	2	2	1
64	1	1	4	1	2	3
65	49	1	4	1	3	3
66	26	1	2	2	2	1
67	92	1	2	3	2	2
68	75	1	2	3	2	2
69	68	1	2	3	3	3
70	10	2	4	1	2	2
71	34	1	2	2	1	2
72	77	1	2	2	3	3
73	36	1	2	2	1	3
74	16	2	3	1	2	1
75	32	1	4	1	3	2
76	90	2	3	1	1	2
77	78	1	2	3	3	2
78	83	1	2	3	2	2
79	9	1	4	1	3	1
80	42	1	2	3	2	2
81	69	1	2	3	1	3
82	85	1	2	3	1	1
83	25	2	4	1	1	2
84	53	2	3	2	1	2
85	81	2	3	2	2	3
86	37	2	4	1	2	2
87	57	1	2	3	2	2
88	3	1	3	2	3	1
89	73	3	4	1	3	2
90	54	1	2	3	1	2
91	31	1	3	2	1	3
92	47	1	2	3	1	1
93	96	1	4	1	1	2
94	50	2	4	1	1	1
95	88	2	3	2	2	1
96	46	1	2	3	3	1
97	24	2	3	2	3	1
98	52	1	3	2	2	1
99	61	1	2	3	2	1
100	51	1	4	1	2	2

