DATASET = All time best instance set VeRoLog competition
NAME = vehicles over tools over vehicle days over distance with 1000 requests over 30 days

DAYS = 30
CAPACITY = 40
MAX_TRIP_DISTANCE = 20000
DEPOT_COORDINATE = 0

VEHICLE_COST = 30000000
VEHICLE_DAY_COST = 2000
DISTANCE_COST = 1

TOOLS = 4
1	9	64	400000
2	3	64	300000
3	15	50	100000
4	12	62	100000

COORDINATES = 946
0	7688	8161
1	9080	6131
2	8728	6138
3	7904	6140
4	8073	6145
5	4347	6152
6	7802	6168
7	9134	6173
8	8677	8142
9	5889	6188
10	7321	6189
11	8172	6195
12	7513	6197
13	8317	6142
14	8957	6233
15	8007	6236
16	8952	5934
17	4019	6272
18	5361	4335
19	7864	6313
20	4168	6326
21	8000	6168
22	7275	6363
23	8269	6368
24	4837	2169
25	7854	6406
26	6895	6454
27	3973	6457
28	7928	6470
29	3711	6477
30	8683	6504
31	6020	2188
32	7567	6516
33	3961	6524
34	4287	6534
35	6311	2191
36	4353	6540
37	8687	6544
38	8209	6545
39	5076	4197
40	3754	6559
41	8668	6562
42	3890	6571
43	7863	6590
44	8721	6595
45	8441	6600
46	4127	6603
47	8872	6631
48	7317	6644
49	7590	6648
50	4126	6669
51	4190	6670
52	7685	6673
53	7880	6677
54	3725	6686
55	7743	6715
56	8479	6736
57	7763	6738
58	8769	6749
59	3692	6750
60	3508	6757
61	6771	6758
62	7574	6812
63	4245	6835
64	8581	6835
65	8529	6837
66	3998	6840
67	9081	8356
68	3492	6847
69	4576	6880
70	6246	4252
71	4198	6903
72	4627	6910
73	9658	6930
74	8750	6934
75	8238	6939
76	7452	6940
77	3471	6949
78	8516	6950
79	7478	6951
80	9024	6963
81	6777	6969
82	4064	6977
83	8412	6979
84	7724	6983
85	9177	6997
86	7185	7000
87	6831	7004
88	6313	7009
89	6907	7012
90	3916	5560
91	8678	7028
92	5928	7041
93	8507	4279
94	4515	4281
95	4114	7061
96	4535	7063
97	8759	7067
98	8764	7077
99	4100	7084
100	8492	7102
101	7533	8296
102	8750	7131
103	3484	7181
104	3902	7225
105	9179	7229
106	4534	7234
107	7766	7241
108	8058	7258
109	8798	7261
110	4918	7264
111	8329	7268
112	3762	7285
113	8268	7290
114	4120	7298
115	4746	2320
116	9532	8330
117	8713	7309
118	7170	7971
119	8112	7312
120	4965	4328
121	3945	7371
122	7280	7376
123	8137	7385
124	6583	7389
125	6784	8347
126	7456	7417
127	8083	7420
128	9616	7442
129	8342	6350
130	9015	7445
131	6952	7451
132	7965	8356
133	8543	4351
134	3645	7488
135	7344	7506
136	9420	7511
137	8259	7513
138	6486	7515
139	7781	7518
140	3775	7520
141	4165	4360
142	3807	7532
143	8056	8372
144	5696	7980
145	8055	4366
146	6314	7571
147	3733	7572
148	6770	7579
149	7763	7592
150	4310	4372
151	7680	7599
152	7823	7601
153	8478	7603
154	7305	7616
155	3908	7618
156	6194	7618
157	8490	7629
158	6850	7641
159	10000	8386
160	5698	7661
161	6994	7663
162	8057	7666
163	7024	7675
164	7864	7676
165	9296	7694
166	6740	7696
167	7322	7707
168	7841	7716
169	8738	7716
170	6290	7720
171	8076	7740
172	8008	7747
173	6235	7751
174	3624	4403
175	5625	7795
176	5229	7804
177	8277	7806
178	8012	7810
179	7986	7816
180	7157	7832
181	3648	4414
182	6715	7852
183	6213	7853
184	9154	7858
185	6816	7868
186	7351	7870
187	9143	7872
188	7192	7889
189	6222	7892
190	5370	7907
191	6907	7911
192	7322	7937
193	6647	7949
194	5472	7951
195	6362	7953
196	6236	7967
197	6260	7967
198	6586	7989
199	7829	8448
200	5399	8015
201	6402	8016
202	8219	8022
203	5427	8024
204	9453	8026
205	7114	8029
206	6115	8035
207	3460	4446
208	5851	8040
209	5448	8042
210	7045	8054
211	5642	8055
212	7161	8069
213	9723	8077
214	7712	8093
215	6895	8099
216	7999	8108
217	6539	8109
218	7306	8110
219	3619	4463
220	7581	8143
221	5563	8146
222	8949	8151
223	7232	8164
224	5920	3197
225	6558	8177
226	6272	8193
227	6109	8197
228	5695	8198
229	7591	8199
230	6690	8200
231	5736	8480
232	5961	8208
233	6847	8210
234	7359	8217
235	6487	8222
236	6307	8255
237	9491	8291
238	6962	8296
239	7501	8298
240	5650	8301
241	6430	8304
242	5267	4402
243	7513	8323
244	7006	8326
245	5471	8331
246	7616	8378
247	8118	4505
248	5612	8399
249	3578	8402
250	3823	8403
251	7619	8407
252	6334	8437
253	7799	8467
254	7873	8471
255	5786	8497
256	7147	8526
257	9691	8533
258	8209	8536
259	6484	8538
260	6272	8546
261	4002	3610
262	8385	8553
263	6693	8562
264	7437	8571
265	9659	8571
266	3948	8575
267	6354	8578
268	7663	8586
269	6209	8607
270	6934	8609
271	7303	8620
272	6391	8625
273	7506	8625
274	8437	8640
275	9667	8656
276	7753	8668
277	5651	8671
278	8273	8681
279	6390	8686
280	4058	4554
281	8277	8691
282	5966	8707
283	7392	8731
284	6986	8736
285	7222	8737
286	5683	8747
287	8930	6018
288	6846	8788
289	8074	8793
290	7381	8794
291	5697	8795
292	4972	4574
293	8566	8814
294	6430	8818
295	6552	8820
296	5589	8842
297	9389	8844
298	7564	8855
299	7589	8862
300	5944	8875
301	5825	2584
302	5928	8899
303	6028	8920
304	3764	6597
305	8753	8949
306	7628	8963
307	7529	8971
308	8801	8973
309	7706	8609
310	7925	9021
311	6062	9024
312	7981	9027
313	5726	9032
314	7320	9036
315	9656	9039
316	6973	5308
317	8070	9074
318	7931	9079
319	5949	9081
320	5600	9085
321	5792	9089
322	6458	9092
323	6893	8831
324	3424	2621
325	6860	6628
326	8749	9144
327	7976	9174
328	7661	9185
329	5988	9191
330	6879	9200
331	7823	9206
332	6904	9206
333	8229	9213
334	7915	9224
335	8697	9241
336	6674	9242
337	7998	9255
338	6916	9258
339	6579	9263
340	9161	9292
341	7685	9305
342	6488	9308
343	9193	9353
344	6550	9360
345	8037	9361
346	8115	9362
347	9051	9362
348	8403	9374
349	6420	9382
350	8326	9384
351	6207	9409
352	6755	9423
353	8580	9450
354	8524	9452
355	6674	9460
356	7189	9460
357	8505	9468
358	7091	9474
359	8418	9476
360	9152	9482
361	6758	9490
362	8213	8694
363	6904	9498
364	9087	9523
365	8981	9605
366	6322	8715
367	6844	9643
368	8520	9654
369	5118	9676
370	5814	8727
371	8752	9765
372	6474	8742
373	6089	9815
374	6364	9869
375	6196	8764
376	3502	2757
377	9083	5657
378	4078	2758
379	7429	4790
380	7395	8678
381	3616	4804
382	8165	6808
383	6507	8831
384	3451	4833
385	7398	8337
386	7035	2843
387	8478	4852
388	8114	4882
389	8786	4882
390	2023	2893
391	4173	6900
392	7767	9287
393	5585	7873
394	8791	6681
395	5003	2890
396	7774	6094
397	5910	2950
398	4273	4498
399	8650	5698
400	8817	5014
401	6140	5025
402	3559	7029
403	8102	9316
404	8042	9056
405	9268	6161
406	3969	5058
407	7780	9066
408	8752	5064
409	6688	3066
410	7154	8121
411	5915	3076
412	8001	9091
413	7698	9093
414	4655	3083
415	2848	3091
416	7854	7100
417	8081	9128
418	4476	7126
419	7910	7129
420	6695	118
421	9262	5846
422	6375	128
423	4598	7143
424	7765	5489
425	7225	7147
426	6262	220
427	6502	226
428	6539	278
429	6809	6537
430	3622	7163
431	8961	9174
432	6632	3170
433	6612	396
434	7015	397
435	6003	401
436	6519	435
437	4509	3186
438	6860	4543
439	7797	9207
440	6931	6546
441	6286	633
442	4238	7229
443	6560	718
444	7042	5232
445	8586	5234
446	9052	7245
447	6083	9253
448	7202	5248
449	4108	3245
450	6120	3262
451	8848	9281
452	5356	3272
453	9413	5284
454	4682	3360
455	4619	6966
456	6405	1175
457	4973	2694
458	8717	7322
459	6461	6170
460	6774	1324
461	6936	3326
462	6463	1351
463	7111	5337
464	7140	1438
465	6800	1462
466	2993	4976
467	3779	3355
468	7037	5362
469	6937	1551
470	5075	5372
471	6367	1593
472	8815	4981
473	6726	1653
474	7576	5386
475	5938	1668
476	6934	3387
477	6499	7403
478	5668	5402
479	7910	5409
480	6947	3386
481	6479	1831
482	4024	5421
483	67	1875
484	7669	9433
485	78	1955
486	5463	1959
487	8623	7440
488	6403	1980
489	5884	1980
490	5492	1989
491	5145	2014
492	6340	2024
493	5344	2034
494	6185	2057
495	6162	2092
496	4634	2093
497	850	2096
498	6077	2101
499	6099	2108
500	1872	2133
501	756	2163
502	6086	2179
503	5907	2207
504	6089	2231
505	703	2253
506	5374	2291
507	7845	5491
508	6894	2301
509	7296	7005
510	4729	2340
511	5027	2359
512	6094	2372
513	4675	2384
514	5426	3505
515	6303	2452
516	4002	2459
517	4847	2470
518	3960	2492
519	3267	2497
520	6850	7530
521	6142	2507
522	3286	2524
523	5081	2533
524	5067	2539
525	5026	2543
526	4154	2554
527	2598	2561
528	3174	2561
529	6663	2567
530	2474	2581
531	4600	2627
532	4592	2632
533	7271	2668
534	6347	2669
535	3459	2671
536	2510	2674
537	6756	2680
538	5661	2702
539	4821	2707
540	4428	2718
541	6124	2720
542	549	2772
543	3902	2779
544	2955	2789
545	3822	2792
546	632	2799
547	2421	2799
548	5859	2801
549	4816	2814
550	4278	2826
551	2256	2843
552	5728	2846
553	5831	2850
554	4723	2853
555	6469	2855
556	5408	2857
557	327	2861
558	709	2873
559	2502	2883
560	5991	2895
561	5061	2918
562	323	2919
563	5436	5023
564	2796	2946
565	5168	2950
566	8817	5601
567	7792	5601
568	2976	2971
569	5725	2985
570	4156	3000
571	5067	3004
572	5169	3017
573	5647	3023
574	6287	3024
575	6763	3033
576	5598	3034
577	5870	3035
578	6474	3035
579	5377	3049
580	6465	3060
581	4133	3076
582	3073	3096
583	4674	3108
584	2524	3117
585	5752	3119
586	5346	3125
587	6584	3125
588	3440	3126
589	3747	3133
590	5385	3138
591	3238	3158
592	6081	3158
593	3331	3160
594	1696	3193
595	6302	3194
596	9204	7646
597	5560	3216
598	1393	3220
599	4235	3222
600	9627	8636
601	5074	3236
602	6560	3246
603	5626	3258
604	5367	3650
605	6000	3282
606	6426	3285
607	5595	3288
608	3540	3315
609	7074	3320
610	4864	3330
611	4192	3332
612	6530	3335
613	6413	3344
614	5673	3347
615	6580	3352
616	3964	3366
617	3982	3373
618	1738	3392
619	6284	7679
620	5788	3440
621	4051	3443
622	4049	3454
623	6355	3469
624	7150	7692
625	5580	3484
626	4172	3507
627	7815	5695
628	6924	3531
629	6187	3538
630	4329	3539
631	4812	3550
632	5299	3579
633	6316	3703
634	5481	3587
635	6853	5708
636	4267	3596
637	5299	4472
638	5833	3617
639	5983	3622
640	5472	3630
641	4320	3666
642	5529	3671
643	5374	3677
644	4662	3689
645	6134	3705
646	4731	3706
647	9177	5732
648	6786	3759
649	4942	3771
650	4971	3775
651	5567	3776
652	4503	3820
653	4429	3832
654	5598	3843
655	6775	3846
656	5759	3853
657	4669	3901
658	5904	3905
659	2388	3945
660	4370	3946
661	2661	3947
662	4567	3950
663	4317	3964
664	6681	3976
665	4816	3980
666	4676	3982
667	4737	3983
668	3774	3985
669	9384	7777
670	5485	3991
671	3817	3996
672	3670	3997
673	4994	3999
674	3830	4002
675	7010	4008
676	4000	4010
677	4032	4017
678	4664	4028
679	2236	4031
680	5162	4050
681	3951	4085
682	3524	4086
683	4767	4089
684	3758	4100
685	4125	4113
686	8044	4118
687	7981	9466
688	7692	4137
689	3515	4138
690	6853	4160
691	7542	5804
692	8927	7809
693	7912	4186
694	6877	4208
695	4002	4212
696	3710	4215
697	4864	4216
698	3858	4217
699	4670	4219
700	3426	4229
701	7104	4246
702	8300	4247
703	8764	4254
704	8355	4256
705	5043	4258
706	8463	4260
707	4070	4261
708	3294	4283
709	5531	4305
710	7861	5829
711	7603	5870
712	4796	4323
713	3253	4329
714	4526	4333
715	5363	4342
716	6020	4344
717	3957	4345
718	4468	4356
719	4552	4369
720	8759	4372
721	6024	4375
722	6089	4391
723	4467	4401
724	6324	4402
725	3431	4405
726	8529	4411
727	2409	4415
728	5215	4420
729	7735	4435
730	8872	4436
731	8091	4452
732	3339	4459
733	4121	4470
734	8677	4471
735	7960	4482
736	3527	4490
737	8296	4494
738	8467	4505
739	5957	8679
740	3592	4516
741	7878	4537
742	8160	4547
743	8587	4554
744	2761	4570
745	3863	4577
746	4172	4586
747	8072	4591
748	3365	4596
749	8321	4597
750	8714	4602
751	3717	4620
752	8796	4626
753	8578	4631
754	8426	4635
755	3959	4640
756	7869	4655
757	3846	4679
758	5479	4689
759	4578	4695
760	8686	5891
761	8628	4705
762	8254	4708
763	7640	4713
764	3863	4728
765	8376	4742
766	7999	4757
767	4697	4762
768	4148	4783
769	3771	4785
770	5725	4802
771	7571	5910
772	8118	4814
773	8589	4817
774	5333	4836
775	7616	4840
776	8365	4841
777	7429	4847
778	8572	4852
779	3762	4858
780	4056	4863
781	3727	4865
782	5660	4865
783	7539	4870
784	4247	4888
785	3566	4902
786	7116	4905
787	9143	5929
788	5441	4924
789	8697	4929
790	4777	4936
791	8673	4938
792	8414	4968
793	3488	4972
794	2891	4976
795	5522	4983
796	3969	4991
797	5425	4993
798	5498	5010
799	9001	5010
800	3007	5025
801	7903	5026
802	3492	5049
803	7227	5049
804	7318	8296
805	7921	5052
806	7545	5060
807	4689	5072
808	3303	5077
809	7301	5096
810	7332	5104
811	5068	3959
812	3882	5125
813	3411	5130
814	3480	5131
815	7106	5131
816	5481	5133
817	6953	5140
818	3161	5145
819	4486	5145
820	7847	5147
821	3304	5148
822	5491	5148
823	5459	5155
824	9329	5498
825	8156	5172
826	9157	5173
827	3260	5176
828	8359	5200
829	3206	5212
830	4264	5218
831	5167	5222
832	4050	5223
833	7906	5224
834	8752	5227
835	7110	5230
836	7751	5235
837	7759	5246
838	8835	5256
839	8564	5268
840	5134	5270
841	3039	5274
842	3189	5281
843	3406	5290
844	7329	5304
845	7964	5312
846	8627	5318
847	6555	8000
848	7746	5334
849	4859	3995
850	7866	5342
851	3848	5346
852	5158	5354
853	3457	5364
854	4278	5366
855	8036	5366
856	8416	5377
857	8637	5389
858	6987	5391
859	5671	5394
860	8918	5408
861	7863	5409
862	7244	8015
863	9061	5425
864	9412	5427
865	8601	5434
866	6929	5441
867	8695	5447
868	7084	5457
869	8869	5464
870	3881	5477
871	7557	5479
872	4198	5497
873	8272	5504
874	4035	5511
875	4962	5515
876	4293	5538
877	8714	5544
878	4345	5564
879	5601	4033
880	8621	5565
881	4247	5578
882	4104	5581
883	7792	5584
884	7673	5590
885	8436	5598
886	8969	5622
887	8138	5622
888	7433	5626
889	7149	5627
890	4309	5633
891	6765	5637
892	3007	5639
893	7466	5646
894	4284	5648
895	7057	5649
896	7124	5654
897	7045	5666
898	8525	5670
899	7846	5681
900	9448	5684
901	4430	5694
902	7549	5696
903	7693	5714
904	8399	5740
905	3447	4064
906	9466	5751
907	9000	5762
908	7704	5769
909	8226	5772
910	6993	5774
911	4519	5783
912	7002	5805
913	7561	5811
914	5200	5820
915	7026	5821
916	8906	5840
917	4498	3121
918	9077	5876
919	9132	5880
920	8293	5899
921	8937	5900
922	9034	5908
923	9055	5908
924	7528	5919
925	8307	5936
926	7710	5960
927	7496	5966
928	8965	6106
929	7070	6001
930	9326	6109
931	7867	6006
932	8786	6008
933	6814	7928
934	8289	6012
935	8561	6032
936	7595	8120
937	4175	6044
938	4242	6059
939	7938	6062
940	8626	6082
941	7910	6084
942	8925	6086
943	5919	6090
944	8591	6103
945	7349	6129

REQUESTS = 1000
1	732	9	12	2	2	3
2	108	7	10	2	3	2
3	938	11	12	3	4	1
4	417	2	4	2	1	1
5	98	12	13	3	1	3
6	69	7	9	1	4	1
7	240	2	3	1	1	2
8	744	2	3	1	2	3
9	410	6	9	3	2	2
10	499	14	17	1	4	1
11	269	1	4	2	3	1
12	315	10	12	3	1	3
13	452	18	20	1	4	3
14	485	1	3	2	2	2
15	615	23	24	3	3	1
16	539	23	24	2	1	3
17	3	8	11	2	1	1
18	285	6	9	3	2	3
19	760	18	21	2	3	1
20	620	7	8	1	1	2
21	140	11	13	1	2	1
22	843	15	16	2	4	2
23	23	3	4	1	4	2
24	145	15	16	3	1	3
25	412	25	28	2	4	1
26	194	17	20	1	1	1
27	604	14	17	3	1	1
28	217	5	8	3	2	1
29	886	23	25	3	3	2
30	561	23	25	3	3	1
31	915	22	25	3	1	1
32	430	19	22	1	3	1
33	801	1	3	3	2	1
34	713	14	17	3	2	3
35	867	2	4	2	4	1
36	125	27	28	1	2	3
37	709	16	19	2	2	1
38	813	4	5	2	1	3
39	230	15	17	2	3	2
40	164	6	7	2	1	1
41	811	10	11	1	1	3
42	15	19	22	3	1	2
43	649	17	20	1	3	1
44	227	6	8	1	3	1
45	763	12	15	3	1	2
46	573	9	11	1	1	3
47	706	1	4	1	1	2
48	877	4	5	1	1	2
49	265	8	9	1	2	3
50	898	9	11	1	1	1
51	264	24	26	2	4	3
52	298	19	20	2	4	3
53	837	2	5	3	4	1
54	51	3	6	3	4	3
55	635	19	22	2	1	3
56	357	25	26	2	3	1
57	109	4	7	3	1	3
58	904	21	24	2	4	1
59	453	8	11	1	3	1
60	639	1	2	2	3	1
61	682	23	25	1	4	1
62	568	16	18	1	4	1
63	244	28	29	1	2	1
64	825	7	9	1	4	2
65	535	7	8	1	1	3
66	587	11	12	2	4	1
67	323	10	12	2	3	1
68	660	18	21	3	1	1
69	288	12	14	1	1	1
70	117	6	7	1	1	3
71	228	17	19	2	2	1
72	358	10	11	3	4	3
73	458	4	7	1	3	1
74	651	26	27	3	4	3
75	713	24	26	3	3	1
76	661	10	11	3	3	1
77	423	25	26	3	3	2
78	659	18	20	1	2	3
79	256	5	6	1	4	3
80	436	7	8	1	4	2
81	77	23	26	2	3	2
82	734	13	15	3	3	2
83	690	12	15	2	4	3
84	343	6	7	2	2	1
85	531	6	8	2	1	1
86	445	17	20	2	4	2
87	294	22	24	3	1	2
88	322	12	15	3	3	2
89	447	20	21	1	2	1
90	641	2	4	1	3	1
91	525	2	4	2	1	1
92	367	18	19	3	2	2
93	234	1	4	2	3	1
94	179	24	25	2	4	3
95	759	20	23	1	3	1
96	449	25	28	1	4	3
97	832	18	20	3	3	1
98	823	18	20	3	1	3
99	937	9	11	1	4	1
100	333	3	6	3	3	2
101	61	27	29	1	3	2
102	450	24	27	2	4	1
103	297	9	12	2	4	2
104	416	4	7	1	4	2
105	650	8	10	3	4	1
106	638	7	10	3	1	1
107	612	25	26	1	3	2
108	426	7	8	1	2	3
109	189	15	17	3	4	3
110	613	21	22	1	3	1
111	6	10	13	2	4	3
112	345	18	21	3	1	2
113	154	13	16	2	3	1
114	280	10	11	2	2	1
115	812	9	12	1	1	3
116	494	19	22	1	1	3
117	139	21	22	2	2	2
118	536	8	11	3	3	2
119	645	18	21	3	4	2
120	238	25	27	1	2	3
121	914	21	23	3	4	2
122	68	4	6	2	4	1
123	805	16	18	1	4	3
124	511	6	7	3	1	3
125	170	10	12	2	2	3
126	789	20	23	1	1	1
127	28	17	20	3	3	1
128	585	3	5	3	3	2
129	235	8	9	1	1	2
130	273	3	5	2	3	2
131	225	20	21	1	1	2
132	175	11	12	2	4	2
133	146	20	21	2	4	1
134	83	12	13	2	3	2
135	714	25	26	1	2	2
136	540	16	17	1	4	2
137	850	2	4	1	4	2
138	90	17	19	1	3	1
139	82	11	12	1	1	1
140	754	16	19	2	4	2
141	230	3	4	1	1	2
142	595	13	14	3	1	3
143	475	7	8	2	1	2
144	211	24	25	3	4	1
145	272	1	4	1	2	1
146	730	14	16	2	3	1
147	342	1	2	2	3	1
148	444	19	21	3	1	1
149	65	2	4	3	1	1
150	903	11	13	3	2	2
151	845	23	26	1	1	2
152	482	24	26	2	3	2
153	686	8	10	2	1	1
154	696	5	8	3	1	1
155	183	24	26	3	2	2
156	731	14	16	3	2	3
157	556	3	4	2	2	3
158	401	16	18	1	2	3
159	711	14	16	3	4	3
160	830	5	8	2	2	1
161	11	25	27	1	4	3
162	56	23	25	1	4	2
163	336	15	16	3	4	1
164	630	17	18	3	2	1
165	636	5	7	3	1	2
166	670	8	9	1	4	3
167	338	3	6	3	4	1
168	316	5	7	3	2	3
169	325	6	7	2	3	2
170	933	1	4	1	3	2
171	419	19	22	1	2	2
172	400	23	25	1	4	3
173	572	6	7	1	4	3
174	70	6	7	2	2	1
175	588	1	3	2	4	3
176	769	8	11	2	4	2
177	13	21	23	2	3	1
178	554	25	26	3	3	1
179	420	4	7	3	4	1
180	614	3	5	1	2	3
181	628	19	22	2	3	1
182	700	20	21	2	2	1
183	755	14	16	1	4	3
184	675	3	4	2	4	3
185	609	10	13	2	4	2
186	944	1	4	2	2	1
187	603	8	10	2	4	2
188	349	27	28	2	1	2
189	17	10	13	2	3	2
190	809	5	8	2	1	1
191	663	18	20	3	4	2
192	167	28	29	1	1	1
193	463	19	22	2	4	2
194	66	23	26	1	1	1
195	104	24	26	2	1	2
196	388	14	16	3	4	3
197	459	16	18	1	2	1
198	912	18	21	1	2	1
199	101	16	19	2	2	1
200	688	8	10	3	3	2
201	290	25	28	1	1	2
202	387	10	12	3	2	1
203	247	4	5	1	1	3
204	860	20	21	2	3	1
205	4	21	24	2	1	2
206	394	19	22	3	2	3
207	697	22	24	2	1	1
208	7	18	20	2	3	1
209	187	6	9	1	4	1
210	524	18	19	3	1	1
211	221	21	24	3	4	3
212	790	4	5	2	3	2
213	542	7	8	3	4	3
214	756	9	11	2	4	1
215	687	6	8	1	1	3
216	381	12	13	3	2	1
217	778	19	21	1	2	1
218	182	8	11	1	1	3
219	105	24	27	2	2	3
220	715	14	15	3	2	2
221	594	6	9	1	3	2
222	580	9	11	2	2	3
223	237	19	22	1	1	2
224	662	4	7	2	1	3
225	406	11	14	1	2	2
226	707	16	18	2	2	2
227	205	2	5	2	2	3
228	255	26	27	2	1	1
229	356	5	7	3	1	3
230	510	17	18	3	4	3
231	73	13	16	3	3	1
232	480	19	20	3	2	2
233	572	2	3	1	4	2
234	865	3	6	2	2	2
235	519	14	16	2	4	3
236	632	23	24	1	3	1
237	414	27	28	1	4	2
238	634	16	17	2	4	3
239	939	17	18	3	2	3
240	552	2	4	3	2	3
241	286	21	22	1	1	3
242	106	6	8	3	3	1
243	81	16	18	1	4	2
244	22	18	19	1	1	2
245	826	12	13	1	1	2
246	334	6	9	1	1	2
247	47	6	8	1	2	2
248	48	10	12	2	2	2
249	252	3	4	1	4	3
250	95	3	4	1	4	1
251	196	4	6	1	1	3
252	348	4	7	3	2	1
253	301	12	13	3	4	2
254	660	17	19	3	4	1
255	943	27	29	1	4	3
256	795	1	4	2	4	2
257	79	22	24	2	3	1
258	799	8	10	1	3	1
259	919	23	25	2	1	3
260	809	21	24	3	2	1
261	545	16	19	3	3	1
262	402	27	28	2	3	1
263	679	27	29	1	2	2
264	137	19	22	1	4	2
265	413	2	3	3	4	1
266	278	11	13	1	1	2
267	85	14	16	2	3	2
268	654	16	19	2	2	1
269	425	15	18	3	1	1
270	44	7	10	1	1	1
271	142	27	29	1	4	2
272	626	10	13	1	1	3
273	254	26	27	2	2	1
274	185	18	21	1	4	3
275	477	9	11	1	1	3
276	35	21	22	3	3	1
277	327	26	29	1	2	1
278	64	10	12	1	1	1
279	502	17	19	2	1	1
280	487	22	25	2	4	3
281	62	2	4	2	4	2
282	694	4	6	2	4	3
283	858	20	22	3	4	1
284	460	25	28	1	2	3
285	549	3	4	3	1	2
286	461	18	21	1	4	2
287	569	8	10	3	4	3
288	490	15	18	1	2	2
289	107	10	12	1	1	2
290	899	16	17	3	3	2
291	521	4	5	2	1	1
292	375	13	16	1	1	3
293	936	18	21	2	1	3
294	340	12	13	1	1	2
295	236	10	13	2	1	2
296	200	11	13	2	4	3
297	601	26	27	2	4	2
298	34	26	27	3	3	1
299	224	5	8	1	3	1
300	691	9	10	1	2	2
301	664	2	5	2	2	3
302	2	20	22	1	4	3
303	133	14	17	2	3	2
304	672	10	12	2	2	1
305	233	2	5	1	4	1
306	313	25	26	2	3	2
307	147	12	13	2	1	2
308	496	2	4	2	2	2
309	476	5	6	1	4	2
310	268	12	14	1	4	1
311	868	20	23	1	1	3
312	563	17	18	3	1	3
313	250	1	2	1	1	3
314	889	8	10	1	1	1
315	20	10	12	3	4	3
316	669	23	25	1	1	3
317	788	14	15	1	1	2
318	197	6	9	2	3	1
319	743	2	5	3	3	2
320	25	25	27	2	4	2
321	155	23	25	3	1	1
322	190	17	20	1	2	1
323	393	2	5	3	4	3
324	134	13	14	3	2	3
325	328	19	21	1	4	2
326	408	11	13	1	2	1
327	295	20	21	2	2	2
328	201	11	13	3	3	1
329	465	22	25	1	1	1
330	854	2	3	1	3	1
331	136	19	21	3	3	2
332	782	24	25	1	4	3
333	59	26	27	1	1	3
334	907	19	21	2	2	2
335	26	9	12	1	1	2
336	841	26	27	3	1	2
337	945	9	12	2	4	3
338	848	8	9	3	2	3
339	157	24	26	3	2	2
340	173	3	4	1	1	1
341	462	4	5	1	4	1
342	747	16	18	2	3	1
343	934	19	22	2	2	3
344	546	6	7	1	3	1
345	695	18	20	1	2	1
346	757	8	9	3	2	1
347	5	18	21	1	1	1
348	862	22	24	2	3	1
349	192	16	17	2	1	3
350	159	22	23	3	1	2
351	431	6	8	1	3	2
352	126	4	5	2	2	3
353	506	17	18	1	4	1
354	491	24	25	1	4	2
355	724	12	15	2	1	2
356	861	5	7	1	3	1
357	677	18	19	2	2	3
358	926	13	16	3	2	1
359	281	21	23	3	2	1
360	129	12	15	2	4	2
361	162	4	5	3	2	2
362	191	16	18	3	1	2
363	488	1	3	1	4	1
364	113	18	19	2	2	3
365	391	7	10	3	3	2
366	590	4	5	2	1	2
367	827	14	16	3	4	1
368	931	1	3	3	3	2
369	578	5	7	2	1	1
370	215	6	9	1	2	1
371	84	18	19	1	1	2
372	149	21	23	2	3	2
373	570	16	19	1	1	3
374	75	17	20	3	1	1
375	204	18	19	3	2	1
376	781	14	15	1	3	2
377	725	3	5	1	2	3
378	655	19	22	2	1	2
379	515	8	11	2	1	1
380	745	6	7	3	1	2
381	583	26	28	2	3	1
382	906	2	3	3	4	1
383	606	26	27	1	2	1
384	36	18	20	1	1	2
385	455	16	17	3	1	1
386	908	26	27	3	3	2
387	49	10	12	3	2	1
388	576	19	21	2	1	3
389	891	8	10	2	4	1
390	350	5	6	3	1	1
391	719	20	21	3	2	2
392	222	23	26	2	3	1
393	853	24	27	2	2	1
394	359	15	18	1	3	2
395	309	11	13	2	2	1
396	553	23	25	1	4	2
397	681	27	29	1	3	1
398	355	24	27	3	2	1
399	103	7	9	2	1	1
400	33	8	9	2	3	1
401	723	18	21	3	2	3
402	509	15	16	1	1	3
403	92	21	22	3	3	1
404	643	18	20	3	1	2
405	674	12	14	1	2	3
406	922	19	21	3	3	2
407	874	18	21	3	4	2
408	28	2	4	2	3	1
409	422	24	26	3	2	3
410	770	6	8	3	2	2
411	171	24	26	1	4	1
412	905	15	17	3	4	1
413	710	4	5	2	4	3
414	787	7	10	2	3	2
415	156	1	4	3	1	3
416	514	5	7	2	3	2
417	489	1	2	2	4	3
418	520	10	13	2	1	3
419	728	2	3	3	2	1
420	671	25	27	1	1	1
421	791	10	11	1	4	2
422	409	22	24	3	4	1
423	673	7	9	2	3	2
424	653	7	8	3	4	2
425	914	14	17	3	4	2
426	793	24	25	2	4	2
427	208	25	27	2	2	3
428	243	13	14	3	3	1
429	71	1	4	2	1	1
430	206	20	22	1	1	3
431	37	18	21	2	4	1
432	642	13	15	3	3	1
433	733	19	22	2	1	2
434	918	21	24	3	1	2
435	716	25	27	3	4	2
436	798	8	10	3	2	3
437	439	9	12	3	1	1
438	339	3	5	3	1	3
439	633	3	5	2	3	1
440	800	19	21	1	3	2
441	163	16	17	2	2	2
442	924	23	25	3	1	3
443	39	12	14	2	3	2
444	767	8	10	2	2	2
445	46	24	27	2	2	1
446	741	21	23	1	1	1
447	127	7	10	2	1	2
448	897	5	6	1	2	2
449	875	22	25	1	2	3
450	558	10	13	3	1	2
451	881	5	6	2	4	2
452	203	22	24	1	1	1
453	319	20	23	3	4	2
454	199	16	17	3	3	1
455	374	19	21	1	3	1
456	856	12	14	3	4	3
457	497	23	24	1	3	1
458	944	22	23	1	3	2
459	570	1	2	1	4	1
460	909	8	11	3	3	1
461	505	6	8	1	3	1
462	448	4	5	1	3	1
463	873	8	10	2	4	2
464	80	18	21	1	3	1
465	685	1	4	2	3	1
466	209	26	28	2	4	1
467	138	23	24	3	4	1
468	803	14	16	2	3	2
469	398	4	7	2	4	1
470	120	10	12	2	1	3
471	168	3	6	3	4	3
472	796	8	11	2	3	1
473	758	22	23	2	2	3
474	344	27	28	1	4	1
475	678	17	19	2	2	2
476	738	11	14	1	2	1
477	638	8	11	3	2	2
478	302	12	14	2	1	1
479	239	17	18	3	4	1
480	921	16	19	2	3	2
481	172	18	20	2	2	1
482	548	4	7	1	3	1
483	242	14	16	1	3	2
484	93	14	16	3	3	1
485	172	24	27	3	3	1
486	365	14	16	2	4	3
487	377	7	9	2	4	2
488	229	22	24	1	4	1
489	441	21	24	2	3	2
490	942	14	16	3	3	1
491	814	27	28	2	1	2
492	443	23	24	2	3	2
493	14	10	12	1	1	3
494	115	20	23	1	3	1
495	166	3	4	3	2	2
496	369	9	10	3	4	3
497	795	12	15	3	2	3
498	176	20	22	2	3	1
499	181	18	21	2	4	1
500	434	4	5	2	2	2
501	927	18	19	3	3	2
502	360	16	17	3	4	3
503	310	3	4	2	1	3
504	579	9	10	1	2	1
505	586	9	10	1	3	1
506	24	13	14	2	1	3
507	116	25	28	2	3	1
508	311	27	28	2	4	1
509	581	23	24	1	3	2
510	624	12	15	1	4	2
511	195	6	8	3	3	1
512	307	25	28	1	2	1
513	492	13	15	2	4	3
514	100	9	11	1	4	3
515	352	16	17	3	3	1
516	437	23	24	2	3	1
517	772	3	6	1	1	1
518	271	22	24	1	4	2
519	729	25	27	2	1	3
520	567	19	22	3	1	1
521	598	7	10	2	2	1
522	98	1	2	2	3	2
523	161	11	14	3	3	1
524	668	24	25	3	4	2
525	395	11	12	3	2	2
526	818	10	11	2	2	1
527	42	9	10	1	3	1
528	623	7	10	3	4	3
529	473	11	12	1	3	2
530	186	3	4	1	1	3
531	644	6	7	1	3	2
532	9	20	23	2	2	2
533	158	21	23	3	4	3
534	1	5	7	1	2	2
535	726	8	10	1	1	2
536	817	17	20	3	2	2
537	16	5	6	2	4	1
538	308	9	12	3	3	1
539	704	16	17	1	2	3
540	40	2	4	2	2	3
541	267	16	17	1	1	3
542	565	17	18	3	1	2
543	541	15	16	3	3	1
544	143	9	10	1	1	2
545	428	9	10	3	1	3
546	629	5	7	3	2	1
547	683	20	23	3	3	2
548	373	7	10	2	4	1
549	642	14	15	2	2	3
550	293	4	7	2	3	1
551	102	12	14	3	4	2
552	306	16	19	1	2	2
553	19	19	22	2	1	2
554	888	9	10	3	3	2
555	276	13	15	1	3	2
556	517	12	14	1	4	3
557	637	7	10	2	3	2
558	544	3	6	1	2	1
559	94	13	14	1	4	1
560	435	12	13	1	4	1
561	259	3	6	3	3	1
562	775	11	13	3	3	2
563	574	23	24	3	1	1
564	320	1	4	2	3	1
565	30	5	6	1	3	2
566	332	8	9	2	1	1
567	538	4	7	3	1	3
568	560	1	4	3	4	3
569	821	8	11	1	4	1
570	135	24	27	1	2	2
571	469	18	21	1	1	3
572	932	4	5	3	4	3
573	801	15	18	2	4	1
574	380	20	21	3	4	2
575	314	12	15	2	4	2
576	885	19	22	3	2	1
577	498	12	14	2	3	2
578	283	2	4	2	3	2
579	717	22	23	2	3	2
580	110	10	13	2	2	3
581	241	11	13	1	4	3
582	396	5	7	2	2	1
583	451	7	8	1	1	1
584	382	13	15	3	2	1
585	8	4	7	3	3	1
586	495	24	27	3	2	3
587	335	22	25	1	2	3
588	513	21	24	3	4	1
589	705	13	16	2	2	3
590	122	11	13	2	1	2
591	636	17	19	2	3	2
592	693	10	13	1	1	3
593	263	11	14	2	4	1
594	815	17	18	2	1	2
595	10	14	17	1	2	2
596	752	5	8	3	2	2
597	330	12	13	3	1	3
598	824	24	27	1	3	1
599	124	16	17	2	4	2
600	321	25	27	3	3	2
601	483	3	6	2	2	2
602	893	6	7	3	3	1
603	884	21	24	2	1	1
604	543	17	20	2	4	2
605	198	26	28	2	2	1
606	438	24	27	2	1	3
607	582	1	4	1	4	2
608	894	21	22	1	4	3
609	123	21	24	1	4	3
610	551	16	17	2	2	2
611	99	9	10	1	1	1
612	257	9	12	3	4	1
613	810	4	7	3	2	2
614	337	4	7	3	2	1
615	913	2	4	1	2	3
616	96	20	21	1	4	1
617	864	21	22	1	4	1
618	372	26	27	1	1	2
619	245	3	5	1	4	3
620	776	11	12	1	2	1
621	466	12	14	3	4	2
622	55	24	26	2	1	2
623	829	13	16	1	4	3
624	152	16	19	3	4	1
625	213	1	2	2	3	2
626	433	18	20	1	4	3
627	390	12	13	2	1	1
628	607	1	3	3	1	1
629	771	10	12	1	1	2
630	392	10	11	2	1	3
631	167	15	16	1	2	2
632	341	4	6	3	3	2
633	934	22	23	3	1	1
634	593	9	12	1	3	2
635	31	20	21	3	1	2
636	128	15	17	2	4	1
637	836	6	7	1	4	3
638	822	19	20	3	3	2
639	220	12	14	3	1	3
640	93	20	21	3	1	3
641	784	8	10	1	1	3
642	456	9	12	2	3	2
643	57	6	8	2	2	2
644	712	26	29	1	1	2
645	318	2	5	2	2	2
646	114	7	10	3	4	2
647	777	18	19	3	4	1
648	753	13	14	2	3	2
649	807	18	21	1	4	2
650	457	7	9	1	3	1
651	708	24	27	2	1	1
652	193	18	19	2	3	1
653	847	11	14	3	1	1
654	403	18	21	1	3	1
655	141	13	14	3	2	3
656	838	2	3	3	3	2
657	930	5	8	1	1	1
658	347	7	10	1	4	1
659	415	23	25	2	1	3
660	887	17	19	3	1	2
661	786	19	22	3	3	1
662	386	10	13	2	1	1
663	928	16	17	2	2	2
664	622	25	26	2	3	2
665	153	3	6	2	3	2
666	768	8	10	1	1	3
667	746	5	6	3	1	1
668	550	1	4	3	2	3
669	493	21	22	2	2	2
670	399	17	19	1	4	3
671	742	17	19	1	2	3
672	467	22	25	3	2	2
673	371	8	10	3	4	1
674	89	4	6	2	4	1
675	487	16	17	3	4	3
676	186	1	3	2	4	2
677	618	22	23	3	4	2
678	750	10	11	1	4	3
679	389	8	11	3	3	1
680	207	14	15	2	4	1
681	802	21	24	2	3	2
682	806	14	17	2	4	1
683	219	2	5	1	1	2
684	602	25	28	2	3	2
685	577	4	6	1	2	1
686	570	25	27	2	2	1
687	879	5	6	2	1	1
688	296	12	13	2	4	1
689	121	3	5	3	3	1
690	119	6	7	1	3	2
691	652	20	22	3	3	2
692	446	11	12	3	1	3
693	761	16	18	1	1	1
694	248	6	7	2	4	3
695	397	10	11	3	4	3
696	727	21	23	3	1	2
697	785	22	25	1	2	2
698	596	17	19	1	1	3
699	131	25	27	3	3	2
700	481	19	20	1	4	3
701	260	19	22	2	2	1
702	321	6	7	3	2	1
703	625	6	9	1	3	1
704	378	8	10	2	3	2
705	354	22	23	3	3	1
706	54	14	15	1	3	2
707	684	15	17	2	2	1
708	67	10	12	1	2	1
709	571	7	10	3	4	1
710	516	6	8	1	3	1
711	529	20	23	2	3	1
712	277	11	14	2	4	3
713	249	24	25	3	2	2
714	676	2	3	3	4	3
715	246	25	27	3	4	3
716	165	18	20	3	4	1
717	423	20	21	2	3	1
718	76	21	24	3	4	3
719	251	17	19	1	3	1
720	180	4	6	1	2	2
721	846	12	14	1	1	3
722	60	2	4	3	3	1
723	512	17	19	3	3	1
724	424	20	22	1	4	3
725	409	21	22	3	2	2
726	471	25	28	2	2	2
727	440	16	19	2	2	1
728	273	16	17	1	2	2
729	74	14	15	3	2	1
730	174	5	6	3	3	2
731	404	22	23	1	4	1
732	820	13	16	1	3	2
733	559	8	10	2	3	1
734	900	18	19	2	1	1
735	575	19	21	2	3	1
736	781	3	4	2	3	2
737	794	20	21	1	3	2
738	804	6	8	2	2	2
739	701	3	4	3	2	2
740	58	13	14	2	3	1
741	226	22	24	3	4	2
742	795	17	18	3	3	2
743	216	11	13	1	3	2
744	923	1	4	1	2	1
745	840	22	25	3	1	3
746	18	15	17	1	4	1
747	929	6	9	2	3	1
748	474	10	13	1	1	2
749	940	2	5	3	3	1
750	472	23	26	2	4	2
751	835	6	7	1	2	3
752	852	8	9	1	4	3
753	370	16	17	1	4	3
754	518	4	7	1	2	2
755	849	16	18	3	1	2
756	353	4	7	2	2	2
757	486	18	21	2	1	2
758	589	24	25	2	3	2
759	210	17	18	1	2	2
760	368	11	13	3	4	1
761	194	26	27	2	2	2
762	118	6	9	2	1	2
763	523	2	4	3	2	1
764	890	12	13	1	4	2
765	289	14	17	1	1	1
766	218	23	26	2	1	2
767	503	20	23	2	2	2
768	722	9	11	1	3	1
769	38	2	5	1	1	3
770	619	11	12	3	2	1
771	941	20	23	1	1	1
772	534	17	19	2	2	1
773	765	21	23	1	4	3
774	579	24	27	1	1	2
775	302	25	27	3	4	2
776	384	13	15	1	3	2
777	324	8	10	2	3	1
778	507	2	4	1	4	1
779	591	23	25	3	3	2
780	869	18	21	3	4	1
781	533	2	5	2	2	3
782	780	15	16	2	2	3
783	935	22	25	3	1	2
784	86	18	21	1	3	2
785	876	14	17	3	4	2
786	599	19	21	3	1	3
787	831	2	4	1	2	1
788	429	7	9	1	3	1
789	212	14	17	2	3	2
790	718	24	25	3	4	2
791	528	6	7	3	2	2
792	326	12	15	3	2	3
793	312	23	26	2	2	2
794	442	14	15	3	3	1
795	526	4	5	1	2	2
796	299	23	25	1	4	3
797	27	25	26	2	4	2
798	362	23	26	1	2	2
799	857	23	25	2	3	2
800	383	6	7	3	2	3
801	385	18	19	1	3	2
802	783	4	6	3	2	2
803	500	20	21	1	4	2
804	834	4	5	2	1	1
805	177	1	2	2	1	3
806	160	1	2	1	4	1
807	605	10	13	2	1	1
808	773	2	4	2	1	3
809	132	19	22	2	4	1
810	130	22	23	2	3	2
811	231	24	26	2	2	2
812	148	24	26	1	3	2
813	344	20	22	2	4	1
814	527	5	8	2	2	2
815	418	16	19	3	1	2
816	859	24	25	3	1	2
817	20	5	7	2	2	3
818	262	10	11	1	2	1
819	878	15	17	1	1	2
820	557	13	14	1	1	3
821	702	8	11	2	2	3
822	411	23	24	1	4	3
823	50	3	6	2	4	2
824	764	7	10	3	3	1
825	363	10	11	1	3	1
826	432	14	16	3	3	2
827	478	11	13	3	1	3
828	41	19	22	2	3	2
829	12	6	7	3	4	2
830	311	10	13	2	4	2
831	735	18	19	3	4	1
832	872	24	27	2	2	2
833	97	10	11	3	2	1
834	258	15	18	1	3	2
835	184	6	8	3	1	2
836	792	8	11	2	3	2
837	111	25	28	1	2	3
838	883	17	19	3	2	3
839	798	20	23	3	3	1
840	739	11	12	3	1	3
841	844	21	24	2	3	2
842	856	4	7	2	3	1
843	156	19	22	2	2	3
844	317	10	13	3	3	1
845	292	25	27	1	2	3
846	819	11	13	3	4	1
847	376	22	25	2	4	1
848	287	11	12	1	2	3
849	666	11	14	1	1	1
850	833	7	9	1	2	1
851	736	1	4	2	3	2
852	910	1	2	3	3	2
853	421	20	23	3	3	1
854	584	18	19	2	1	2
855	150	23	26	3	4	3
856	304	5	7	3	3	1
857	291	4	6	3	2	3
858	901	5	6	3	2	1
859	331	14	17	3	4	1
860	627	17	19	1	2	3
861	851	19	22	3	3	1
862	530	15	17	3	1	3
863	223	13	14	3	3	1
864	407	3	4	3	1	2
865	379	4	5	3	4	3
866	78	25	26	1	4	2
867	656	3	4	2	2	2
868	366	5	7	3	4	3
869	243	5	6	2	2	2
870	648	4	5	2	2	2
871	808	2	4	3	1	1
872	32	15	16	2	1	2
873	600	21	24	3	3	1
874	828	20	23	1	1	3
875	113	11	14	1	2	3
876	501	19	21	1	3	2
877	658	18	19	1	4	3
878	657	2	4	2	3	1
879	766	23	26	1	1	3
880	818	5	7	2	3	1
881	219	18	21	2	2	2
882	617	15	16	3	1	1
883	303	9	11	2	3	2
884	816	17	18	2	2	1
885	202	19	20	3	2	3
886	721	10	11	1	3	2
887	699	12	15	1	3	2
888	454	10	12	2	1	1
889	169	11	12	3	3	1
890	911	22	25	2	1	2
891	665	1	2	2	2	1
892	52	26	28	2	4	3
893	749	11	13	3	3	1
894	275	2	3	2	2	1
895	879	22	25	3	4	2
896	562	2	4	3	1	2
897	670	3	6	1	1	3
898	734	20	22	1	4	3
899	63	2	4	2	3	1
900	72	16	19	1	4	1
901	468	23	25	1	3	1
902	88	5	6	3	3	1
903	640	10	12	2	4	3
904	329	23	25	2	4	2
905	45	19	20	1	4	3
906	646	8	11	1	1	2
907	608	21	23	3	3	1
908	261	9	11	3	2	1
909	855	6	9	2	2	1
910	427	24	25	3	4	2
911	361	6	8	3	3	2
912	364	2	3	3	3	1
913	695	11	13	3	1	3
914	597	24	25	3	3	2
915	564	7	8	2	1	2
916	470	2	3	3	1	1
917	91	26	29	1	4	1
918	877	11	13	1	1	2
919	547	7	10	3	2	1
920	557	19	22	2	1	2
921	522	24	26	2	3	1
922	88	6	9	2	1	3
923	916	5	6	3	2	3
924	882	5	7	1	1	1
925	611	15	18	3	2	1
926	555	11	14	1	1	3
927	484	18	21	2	3	2
928	698	7	10	1	3	1
929	751	5	7	2	2	3
930	300	4	6	2	3	1
931	537	11	14	1	2	3
932	839	9	12	2	3	2
933	754	12	13	1	4	3
934	282	22	24	2	4	2
935	748	21	22	2	1	1
936	774	4	5	1	2	2
937	508	9	12	2	4	2
938	566	23	26	2	2	3
939	737	3	4	2	2	1
940	704	24	26	2	2	1
941	680	2	5	3	4	2
942	797	9	12	3	2	3
943	661	18	19	1	1	2
944	863	20	21	3	4	3
945	87	4	6	2	3	2
946	21	27	28	2	3	1
947	178	17	20	1	2	2
948	284	28	29	1	1	3
949	631	7	10	3	2	2
950	24	3	4	2	1	1
951	689	6	8	1	2	3
952	504	12	14	3	4	2
953	53	11	14	2	4	2
954	305	10	11	2	3	1
955	87	23	26	1	4	3
956	621	7	9	3	1	1
957	779	25	27	3	3	1
958	405	13	16	1	2	1
959	351	24	26	2	1	3
960	842	5	6	1	2	3
961	274	11	12	1	1	3
962	920	26	28	2	4	1
963	464	23	25	3	1	2
964	532	11	14	1	1	3
965	692	2	3	3	3	1
966	479	11	13	2	4	1
967	279	26	27	2	1	2
968	895	20	23	3	3	2
969	29	25	28	1	4	3
970	43	15	16	2	4	3
971	902	24	25	1	3	2
972	232	24	25	1	3	2
973	667	5	8	3	3	1
974	870	5	8	3	2	1
975	925	3	4	2	1	1
976	762	11	12	2	1	3
977	610	23	24	3	3	2
978	703	14	15	1	2	2
979	871	7	9	2	2	3
980	253	14	16	2	4	2
981	214	11	12	3	3	1
982	346	22	23	3	4	3
983	144	19	20	1	3	1
984	647	9	11	2	4	1
985	270	8	9	3	4	2
986	857	25	26	3	4	3
987	616	5	8	2	1	3
988	866	17	20	2	3	1
989	592	3	4	1	3	1
990	534	22	25	2	1	1
991	151	19	22	2	3	1
992	720	1	3	2	3	2
993	896	9	11	3	1	2
994	892	9	10	2	1	1
995	112	3	6	2	2	1
996	188	20	22	1	4	1
997	740	4	6	2	4	3
998	266	13	16	1	2	1
999	917	5	8	1	4	3
1000	880	20	23	1	2	1

