DATASET = All time best instance set VeRoLog competition
NAME = tools over vehicles over vehicle days over distance with 1000 requests over 30 days

DAYS = 30
CAPACITY = 40
MAX_TRIP_DISTANCE = 15000
DEPOT_COORDINATE = 0

VEHICLE_COST = 400000
VEHICLE_DAY_COST = 5000
DISTANCE_COST = 1

TOOLS = 5
1	15	40	40000000
2	12	50	40000000
3	3	72	30000000
4	12	54	40000000
5	12	48	30000000

COORDINATES = 941
0	3917	6819
1	7550	6136
2	9080	6131
3	9361	6153
4	9011	6155
5	5701	6166
6	7510	6169
7	4275	6176
8	8713	6177
9	9058	6191
10	9092	6192
11	8400	6200
12	9459	6225
13	8856	6228
14	8957	6233
15	8007	6236
16	3500	6242
17	7527	6249
18	6373	6250
19	8498	6151
20	3916	6312
21	8385	6345
22	6788	6348
23	7586	6354
24	7959	6359
25	7549	6364
26	7324	6371
27	4434	4169
28	3500	6386
29	4837	2169
30	8441	6415
31	8468	6429
32	7807	6435
33	3531	6441
34	8567	6467
35	8330	6491
36	7434	6505
37	3775	6509
38	4600	4191
39	7733	6519
40	4078	6526
41	7505	6526
42	8160	6550
43	7448	6550
44	3681	6554
45	7024	8205
46	7662	6557
47	7423	6562
48	4435	4200
49	7450	6568
50	7518	6582
51	5939	8213
52	7055	6604
53	3341	6625
54	7227	6628
55	6943	6663
56	3838	6673
57	8803	6673
58	7282	6675
59	7770	6681
60	8751	6708
61	7186	8233
62	8488	4226
63	3567	6727
64	6488	6744
65	6771	6758
66	7013	6781
67	3782	6801
68	8761	4240
69	3755	6814
70	3446	6818
71	7962	6818
72	3917	6819
73	8737	6842
74	8479	6842
75	8153	6845
76	8351	6852
77	7775	6856
78	8084	6859
79	4281	4251
80	6932	6883
81	8170	6889
82	7683	6893
83	7785	6896
84	8516	6950
85	8138	6958
86	3649	4267
87	7724	6983
88	7713	6985
89	7494	6993
90	8440	7003
91	8559	4273
92	3916	5560
93	6395	4278
94	7513	7034
95	7800	7085
96	8742	7094
97	8766	7097
98	4419	7115
99	7153	7116
100	4316	7136
101	6693	6301
102	8750	7156
103	8916	7159
104	5891	7163
105	4779	3964
106	8764	7171
107	8709	7190
108	3882	7199
109	8875	7199
110	6854	7214
111	3975	7219
112	3902	7225
113	3368	7227
114	9179	7229
115	8998	7231
116	3437	7236
117	9124	7246
118	4140	7267
119	8205	7278
120	7447	7281
121	8772	7298
122	5631	4324
123	8214	7316
124	6909	7317
125	6307	7317
126	7429	7322
127	4062	7325
128	8054	7326
129	6671	7329
130	6600	7344
131	7829	7363
132	7228	7400
133	7500	8347
134	6549	2338
135	3547	7448
136	6952	7451
137	7965	8356
138	3857	7466
139	7743	7468
140	3746	7492
141	9078	7493
142	9628	7502
143	9420	7511
144	8682	7512
145	8144	7514
146	7038	7545
147	6533	7549
148	4388	4373
149	7694	7631
150	8451	4378
151	2908	2779
152	6850	7641
153	2500	4380
154	6107	9183
155	7264	7649
156	8125	7678
157	5733	7684
158	7059	7692
159	6823	7694
160	8544	7705
161	5583	7717
162	7196	7725
163	6804	7728
164	5429	7731
165	7583	7731
166	6235	7751
167	5598	7768
168	7530	7806
169	5648	7809
170	7162	7830
171	8825	7834
172	5569	7835
173	6859	7860
174	8403	7862
175	6928	7862
176	5813	7873
177	5448	7874
178	7400	7892
179	6783	7913
180	6012	7928
181	6212	7930
182	5399	7944
183	7625	8437
184	7142	7958
185	8312	6440
186	8602	7990
187	8823	4260
188	8468	7997
189	5920	8003
190	8663	8003
191	6624	8005
192	6275	8007
193	6172	8008
194	7047	8014
195	5399	8015
196	3644	6447
197	5561	8040
198	9339	8072
199	7480	6455
200	7712	8093
201	6064	8121
202	5562	8126
203	5936	8148
204	6904	8161
205	6168	8169
206	6909	8180
207	6232	8181
208	9048	8192
209	6272	8193
210	7294	8201
211	8551	8210
212	7444	8221
213	8979	8228
214	7180	8231
215	4170	4479
216	6326	8250
217	8776	8277
218	5444	8278
219	6711	8283
220	6939	8289
221	5650	8301
222	3097	2492
223	3746	5068
224	7752	8348
225	7634	8349
226	7722	8360
227	5487	8510
228	9358	8387
229	6310	8397
230	5600	8401
231	5580	8416
232	3877	8418
233	7406	8426
234	6244	8427
235	9658	8451
236	8864	8461
237	8328	5865
238	6384	8467
239	8238	4664
240	7296	8495
241	6465	8498
242	7042	8501
243	6886	8503
244	7239	8532
245	7834	8517
246	7092	8522
247	7913	8531
248	5865	8538
249	5796	4530
250	5760	8553
251	7485	8570
252	5870	8598
253	6264	8608
254	8478	8612
255	5591	8615
256	7506	8625
257	4177	2541
258	7360	8640
259	5661	8641
260	9987	8650
261	9667	8656
262	7753	8668
263	8382	8674
264	6994	8712
265	7540	8738
266	6494	8764
267	7672	8774
268	7480	8774
269	6814	8778
270	9491	8786
271	5697	8795
272	7723	8802
273	7774	8835
274	3543	3484
275	7607	8889
276	7206	8917
277	5728	8826
278	6765	8939
279	9469	8949
280	5829	8949
281	5571	8957
282	7190	8972
283	7277	5068
284	7735	9001
285	6190	9004
286	7630	9017
287	7293	9018
288	7888	9019
289	7925	9021
290	7981	9027
291	8201	9064
292	7865	9079
293	7856	9097
294	6446	9097
295	7486	9130
296	8749	9144
297	7751	9147
298	6233	9170
299	6177	9177
300	6150	9188
301	8601	7633
302	8392	9198
303	7823	9206
304	7915	9224
305	6827	8654
306	8941	9258
307	7926	9267
308	8290	9267
309	8690	9274
310	7879	9275
311	6348	9281
312	7512	9288
313	7685	9305
314	7515	9306
315	7994	9307
316	6855	9309
317	8597	9314
318	8396	9318
319	8010	9323
320	6373	9330
321	8183	9331
322	8754	9332
323	8790	6665
324	9288	9346
325	7421	9352
326	9193	9353
327	8146	9366
328	7966	9376
329	6478	9378
330	8285	8677
331	4579	2668
332	8564	9426
333	8580	9450
334	8491	9461
335	6935	9479
336	9114	9490
337	8213	8694
338	7813	9492
339	7102	9496
340	6904	9498
341	8302	9512
342	3878	4696
343	7264	9553
344	4188	4705
345	7115	9598
346	2737	2703
347	8569	9651
348	4254	4714
349	4126	5249
350	8948	8728
351	4808	2724
352	6187	8737
353	7202	6734
354	6207	9865
355	6196	8764
356	9083	5657
357	6951	8774
358	7371	9995
359	5667	4776
360	3616	4804
361	5668	4817
362	4162	6821
363	7636	7270
364	4016	3269
365	8357	4825
366	7233	8833
367	7035	2843
368	3820	8478
369	3688	4077
370	3854	4869
371	5827	2877
372	5866	2877
373	6519	6888
374	8770	6891
375	4001	6894
376	3939	2900
377	2788	4905
378	8125	8967
379	8650	5698
380	4079	6984
381	7932	4980
382	5400	4982
383	7012	4983
384	8731	4983
385	3971	4994
386	7313	2903
387	7952	9021
388	4196	7026
389	6314	3024
390	5636	3031
391	6191	3035
392	8042	9056
393	8490	7055
394	8752	5064
395	7154	8121
396	9007	5085
397	3374	3088
398	8375	5101
399	5897	3112
400	7711	5120
401	4476	7126
402	5431	5123
403	7910	7129
404	3966	4530
405	4286	5131
406	6417	142
407	8718	6132
408	6470	167
409	7619	7140
410	6341	207
411	7225	7147
412	4282	5148
413	6471	265
414	6535	409
415	8897	8542
416	8142	5186
417	8726	5187
418	7731	9198
419	7854	5195
420	4712	3193
421	9066	7200
422	3641	5210
423	6337	603
424	2923	3215
425	8765	5220
426	8334	7228
427	6576	723
428	7202	5248
429	9576	9265
430	8542	7276
431	3935	5282
432	3718	3280
433	6297	1062
434	5618	3292
435	3574	3305
436	7038	5317
437	7218	9346
438	7877	4574
439	5811	3356
440	7037	5362
441	8510	9381
442	3509	7380
443	8124	6183
444	5668	5402
445	7068	1797
446	7910	5409
447	2943	2779
448	6479	1831
449	5990	1832
450	6211	1833
451	1077	1868
452	6743	1877
453	5114	1882
454	1614	1886
455	7669	9433
456	5123	1918
457	0	1922
458	6401	1936
459	78	1955
460	5135	1956
461	5375	1970
462	6385	2006
463	5145	2014
464	8055	5446
465	8196	8624
466	6384	2037
467	6458	2050
468	6005	2069
469	850	2096
470	7991	5462
471	5489	2130
472	4244	4597
473	6318	2152
474	5907	2207
475	1699	2209
476	6068	2220
477	4651	2260
478	6363	2302
479	7723	5504
480	4590	2398
481	7352	2410
482	6747	2413
483	5501	2432
484	4898	2435
485	6878	2448
486	4921	2454
487	3200	2471
488	3319	2493
489	6519	7987
490	5161	2539
491	4127	2545
492	6884	2550
493	6086	3532
494	5973	2565
495	6663	2567
496	4826	2588
497	4674	2608
498	4220	2615
499	904	2619
500	4557	2678
501	6756	2680
502	5047	2681
503	4201	2698
504	4821	2707
505	7170	2713
506	6750	2718
507	6124	2720
508	4576	2730
509	5666	2753
510	8879	5569
511	3637	2765
512	683	2771
513	8714	5571
514	4236	2775
515	3919	2781
516	5893	2791
517	3822	2792
518	3095	2805
519	3543	2812
520	3168	2830
521	5599	2844
522	5831	2850
523	6469	2855
524	5408	2857
525	5008	2870
526	5044	2871
527	6781	2887
528	4051	2888
529	300	2895
530	2748	2903
531	5975	2906
532	6493	2912
533	2616	2916
534	2316	2921
535	8318	5596
536	2332	2935
537	6010	2939
538	4577	2952
539	5714	2956
540	4144	2958
541	5958	2959
542	2976	2971
543	4633	2982
544	5281	2988
545	3833	2992
546	4578	2992
547	5589	2993
548	1705	2999
549	3004	2999
550	6327	3031
551	4139	7619
552	4957	3057
553	3409	3058
554	6333	3088
555	6373	3091
556	7140	3095
557	4798	3108
558	6535	3115
559	4088	3626
560	4529	3135
561	5385	3138
562	4289	3161
563	4781	3163
564	3298	3169
565	5304	3171
566	1696	3193
567	4283	3199
568	2753	3204
569	5584	3210
570	7748	8636
571	6560	3246
572	2953	3252
573	6554	3261
574	4834	3271
575	2793	3295
576	3724	3302
577	3717	3323
578	3761	3332
579	5169	3339
580	4079	3340
581	2456	3346
582	2921	3351
583	4714	3361
584	4554	3366
585	6228	3397
586	6571	3401
587	7033	7680
588	5788	3440
589	6323	3447
590	1209	3454
591	4246	3477
592	7150	7692
593	5964	3516
594	6338	3524
595	3034	3538
596	4812	3550
597	4211	3552
598	4558	3563
599	6338	3575
600	4170	3581
601	6316	3703
602	4888	3707
603	6380	3612
604	4267	3616
605	8076	7716
606	4432	3656
607	5118	3663
608	5374	3677
609	4401	3679
610	4768	3680
611	5230	3683
612	7219	7728
613	8028	5449
614	1951	3729
615	5171	3776
616	2974	3783
617	7552	5742
618	5382	3828
619	4449	3832
620	4530	3848
621	5995	7857
622	5727	3905
623	2135	3922
624	4433	3928
625	5185	3940
626	6097	3948
627	2203	3967
628	5937	3970
629	4534	3975
630	6169	3977
631	5207	3985
632	6241	3990
633	6722	3997
634	5961	4009
635	6143	4013
636	3440	4033
637	5632	4045
638	4248	4055
639	5336	4061
640	4501	4064
641	3951	4085
642	5232	4111
643	3871	4115
644	5637	4118
645	5903	4127
646	4842	4664
647	5217	4168
648	3932	4170
649	1694	3801
650	8351	4172
651	4402	4176
652	4031	4186
653	4295	4191
654	5009	4196
655	6091	4197
656	6808	4200
657	6877	4208
658	4133	4214
659	3710	4215
660	4132	4221
661	8167	4226
662	3607	4227
663	4899	4246
664	8300	4247
665	8764	4254
666	3624	4256
667	4185	4258
668	4624	4282
669	5139	4269
670	5190	4312
671	6201	4314
672	3868	4315
673	8258	4316
674	8299	4319
675	7861	5829
676	8775	4323
677	8524	4327
678	6198	4331
679	5396	4332
680	8664	4332
681	6580	4336
682	4765	4338
683	3737	4345
684	8589	4351
685	4468	4356
686	6076	4358
687	6010	4359
688	5522	4365
689	4681	4368
690	2493	4371
691	8379	4378
692	7849	4398
693	7102	4404
694	8529	4411
695	7011	4418
696	7048	7849
697	7888	4437
698	8296	4462
699	8999	4468
700	4160	4479
701	3518	4482
702	8074	4495
703	8963	4496
704	4294	4510
705	5810	4510
706	4794	4514
707	8718	5863
708	5387	4532
709	7510	4536
710	8520	4539
711	7709	4552
712	4882	4556
713	5311	4565
714	8324	4566
715	8552	4568
716	3633	4574
717	7721	4581
718	4916	4582
719	8072	4591
720	8321	4597
721	7972	4601
722	4939	4606
723	7344	4615
724	4891	4619
725	3717	4620
726	3959	4640
727	7805	4643
728	8295	4645
729	7987	4646
730	8795	4647
731	4034	4661
732	8651	4666
733	8426	4669
734	8540	4671
735	8539	4673
736	3846	4679
737	8728	4686
738	8697	4690
739	7987	4698
740	4235	4701
741	7409	4714
742	7573	4728
743	4121	4750
744	3997	4754
745	5656	4759
746	4040	4760
747	8687	4770
748	3969	4776
749	4004	4778
750	4826	4779
751	3831	4797
752	8129	4798
753	4074	4807
754	5452	4809
755	3650	4812
756	8241	4817
757	5469	4819
758	7709	4821
759	5571	4827
760	5414	4840
761	3810	4846
762	5443	4856
763	3534	4859
764	7359	4858
765	3733	4861
766	3717	4873
767	7128	4877
768	4247	4888
769	5589	4888
770	3864	4890
771	7748	4918
772	3459	4932
773	8324	4942
774	4110	4953
775	3560	4953
776	8022	4965
777	2600	4973
778	8774	4973
779	3477	4978
780	3453	4980
781	4123	4988
782	6011	5001
783	8418	5007
784	8645	5017
785	8484	5019
786	7903	5026
787	4447	5028
788	3587	5041
789	8149	5047
790	8082	5064
791	8236	5079
792	5503	5084
793	8107	5088
794	9043	5097
795	4179	5100
796	8483	5106
797	4105	5108
798	4654	5111
799	8157	5111
800	4050	5123
801	4161	5123
802	5077	5497
803	7158	5143
804	5148	5147
805	8074	5150
806	9464	5968
807	6956	5163
808	6674	7974
809	8609	5169
810	8916	5171
811	3458	5176
812	4244	5499
813	5121	5184
814	8020	5186
815	7750	5186
816	4273	5194
817	8523	5195
818	7930	5200
819	7922	5203
820	3956	5210
821	7603	5212
822	8460	5216
823	4264	5218
824	3684	5219
825	4181	5225
826	7015	5244
827	5178	5255
828	8030	5272
829	3745	5273
830	8361	5279
831	4283	5285
832	3920	5287
833	8697	5302
834	7329	5304
835	7391	5309
836	8151	5323
837	7094	5324
838	3092	5335
839	8085	5335
840	4879	5372
841	7100	5371
842	8266	5372
843	8270	5524
844	4473	5376
845	7688	5379
846	8449	5380
847	7758	5392
848	7044	5420
849	7819	5436
850	6929	5441
851	7803	5446
852	8098	5448
853	4233	5450
854	8351	5468
855	8417	5470
856	8690	5474
857	8645	5477
858	3950	5482
859	7994	5491
860	9415	5498
861	8843	5523
862	8506	5540
863	8714	5544
864	4061	5555
865	6512	2309
866	3058	5570
867	8710	5575
868	9408	6042
869	4312	5606
870	8528	5629
871	7827	5631
872	8616	5633
873	6765	5637
874	8185	5643
875	7582	5648
876	6954	5656
877	8677	5656
878	9185	5659
879	9593	5679
880	7846	5681
881	4430	5694
882	8110	5695
883	8101	5703
884	4909	4058
885	9591	5723
886	4863	4060
887	4512	5732
888	7178	5736
889	6550	8720
890	8375	5745
891	7452	5768
892	7704	5769
893	6997	5792
894	7501	5798
895	9238	5799
896	7573	5800
897	7637	5803
898	9244	5806
899	5249	5809
900	7743	5811
901	9079	5834
902	7828	5837
903	9064	5838
904	7820	5849
905	7428	5849
906	9477	5857
907	3436	5880
908	9431	5879
909	9343	5905
910	9034	5908
911	8935	5914
912	8953	5915
913	7528	5919
914	9227	5923
915	9048	5926
916	8413	5930
917	8833	5934
918	7496	5966
919	9040	5966
920	7063	5976
921	5834	8110
922	9393	5992
923	7070	6001
924	9326	6109
925	7895	6005
926	8082	6005
927	7867	6006
928	8934	6018
929	9371	6019
930	8805	6020
931	9402	6023
932	7713	6033
933	7911	6044
934	8907	6056
935	9375	6057
936	3483	6074
937	7789	6121
938	9510	6096
939	8857	6130
940	4085	6131

REQUESTS = 1000
1	110	15	18	3	3	3
2	716	22	25	2	3	3
3	177	6	9	1	1	1
4	423	15	17	1	4	2
5	756	3	5	3	5	2
6	39	12	13	1	3	2
7	731	11	14	2	3	3
8	606	27	28	1	5	2
9	912	1	3	2	2	2
10	22	18	21	2	2	2
11	851	10	11	2	1	2
12	159	18	20	3	4	1
13	609	4	6	2	3	2
14	679	1	4	2	1	1
15	711	14	17	2	2	1
16	899	13	16	3	2	2
17	825	21	24	3	1	2
18	312	5	8	1	2	2
19	328	22	25	1	5	3
20	16	1	4	2	3	1
21	877	1	3	3	4	2
22	884	13	14	2	2	1
23	804	3	5	3	1	2
24	770	4	7	3	4	1
25	504	4	6	1	4	3
26	894	3	5	3	3	2
27	768	17	18	2	1	1
28	267	23	24	2	3	3
29	738	5	6	2	4	1
30	260	28	29	1	2	3
31	406	3	6	3	4	3
32	573	10	11	3	5	2
33	450	5	7	3	3	3
34	484	4	5	1	5	2
35	46	9	12	2	4	3
36	424	3	5	3	1	1
37	583	16	17	3	3	1
38	407	23	24	2	3	2
39	835	19	21	2	2	2
40	149	19	20	1	1	2
41	116	19	21	3	1	1
42	538	25	26	2	4	1
43	664	9	12	3	1	1
44	627	14	17	3	3	2
45	678	1	2	2	2	2
46	672	16	17	1	2	2
47	318	20	22	1	1	1
48	857	12	14	1	3	1
49	542	5	6	3	5	3
50	80	14	15	2	4	3
51	244	19	20	3	1	1
52	21	26	29	1	4	2
53	416	7	8	3	4	3
54	439	7	10	2	2	2
55	615	16	19	2	1	2
56	468	2	4	2	5	3
57	30	4	5	3	5	2
58	588	1	3	1	2	3
59	674	10	11	2	1	1
60	790	23	26	2	1	1
61	569	25	26	3	1	2
62	811	19	22	2	5	3
63	145	20	22	1	2	1
64	454	27	28	2	5	2
65	854	13	14	3	5	3
66	591	21	24	2	2	1
67	719	6	9	3	3	1
68	452	9	12	2	1	1
69	923	22	24	2	2	2
70	906	12	15	1	1	1
71	558	2	4	3	2	3
72	476	24	27	3	2	1
73	485	8	11	2	1	2
74	399	9	12	3	4	1
75	916	21	24	1	2	1
76	163	1	3	3	4	3
77	111	27	29	1	4	2
78	847	19	20	2	2	3
79	23	21	22	2	4	1
80	530	13	14	3	2	3
81	1	5	8	3	1	2
82	937	19	20	1	2	3
83	180	19	22	2	3	1
84	802	3	4	1	5	2
85	229	22	24	2	1	2
86	59	25	26	2	5	3
87	50	7	9	2	4	2
88	764	16	19	2	5	3
89	337	24	26	3	2	1
90	270	26	28	1	1	2
91	381	14	15	3	3	3
92	206	21	23	3	3	3
93	268	9	11	3	5	2
94	792	19	22	3	1	2
95	659	11	13	1	4	3
96	605	7	8	3	3	2
97	507	22	23	3	2	2
98	114	23	26	1	5	1
99	131	5	7	3	1	2
100	384	22	25	3	2	3
101	456	6	7	3	4	1
102	631	24	26	1	3	3
103	40	18	19	3	1	2
104	150	24	26	2	3	3
105	888	8	10	3	5	2
106	883	12	13	3	3	3
107	220	4	6	2	5	2
108	36	21	24	3	2	2
109	449	17	20	3	2	3
110	214	10	11	3	2	1
111	27	23	24	2	5	3
112	915	19	22	3	3	1
113	210	6	9	1	4	1
114	275	5	6	1	2	2
115	921	10	11	1	2	1
116	473	21	23	3	4	1
117	753	24	26	3	2	3
118	349	23	26	1	4	1
119	528	5	7	2	4	3
120	555	5	8	3	5	2
121	358	3	5	1	1	1
122	365	25	28	1	3	2
123	494	11	12	2	3	1
124	199	11	13	3	2	3
125	356	7	9	3	3	3
126	293	12	15	2	5	1
127	505	27	29	1	4	3
128	703	17	19	3	3	3
129	67	1	4	2	4	1
130	864	16	18	3	5	1
131	546	24	27	1	5	2
132	305	1	2	3	5	2
133	688	6	9	2	5	2
134	586	18	21	1	1	1
135	264	5	7	3	3	2
136	278	15	17	3	1	2
137	85	11	12	2	5	2
138	866	10	11	3	5	2
139	648	3	5	1	3	1
140	543	3	5	3	2	1
141	595	23	24	3	4	1
142	816	21	24	2	4	1
143	707	19	21	3	2	3
144	298	18	20	2	3	3
145	563	15	17	2	4	2
146	861	20	23	2	1	1
147	599	7	9	1	4	2
148	357	12	15	1	1	2
149	32	23	26	2	5	3
150	597	6	9	1	2	1
151	93	14	17	1	3	1
152	486	1	3	3	3	2
153	264	23	26	1	3	1
154	161	22	24	2	3	2
155	637	3	4	2	5	3
156	168	18	20	3	4	2
157	732	1	3	2	4	3
158	123	4	7	3	2	3
159	682	24	26	2	2	1
160	88	7	8	3	1	1
161	860	20	21	3	5	3
162	786	26	27	3	1	2
163	99	14	17	1	4	1
164	869	5	7	1	4	3
165	393	20	22	3	1	1
166	323	2	5	1	4	1
167	796	22	23	1	5	2
168	51	7	9	1	2	3
169	108	12	15	3	1	1
170	766	5	7	2	4	3
171	831	4	5	3	1	1
172	106	22	23	2	3	2
173	667	2	5	2	4	1
174	243	15	16	3	1	1
175	324	10	11	2	5	3
176	632	6	8	3	4	2
177	448	16	17	1	1	2
178	572	20	23	2	2	1
179	892	5	7	3	1	2
180	871	18	20	2	1	2
181	459	7	10	2	1	1
182	577	12	15	1	1	1
183	322	18	19	1	1	2
184	19	11	13	2	5	1
185	652	6	8	1	3	1
186	483	12	14	2	4	3
187	409	1	2	2	4	2
188	608	11	13	1	3	1
189	658	1	3	1	4	2
190	868	28	29	1	2	1
191	491	4	5	3	2	1
192	395	18	21	2	1	1
193	490	24	25	2	1	1
194	880	19	22	3	4	3
195	361	17	19	3	5	2
196	850	21	24	3	3	2
197	559	1	4	2	5	3
198	167	6	8	2	4	2
199	519	14	15	3	4	1
200	769	4	6	3	2	1
201	524	18	19	2	2	1
202	235	12	15	1	1	2
203	429	8	9	1	3	2
204	692	14	15	2	5	2
205	676	5	6	1	5	3
206	874	9	11	1	3	2
207	904	6	7	1	4	2
208	686	13	16	2	4	2
209	255	4	5	2	1	1
210	388	2	3	1	3	3
211	31	4	7	2	2	1
212	934	25	26	3	1	1
213	169	3	6	1	4	2
214	4	25	27	2	1	2
215	319	19	22	3	3	3
216	841	20	21	2	2	3
217	758	22	25	3	5	1
218	209	12	15	3	4	3
219	309	13	16	1	3	2
220	622	24	26	2	1	1
221	95	23	26	1	1	2
222	472	27	29	1	2	2
223	134	9	12	3	4	1
224	775	20	22	2	1	1
225	276	17	20	1	2	1
226	307	13	16	3	1	1
227	693	3	5	2	3	3
228	592	28	29	1	3	3
229	285	23	24	1	5	2
230	141	9	12	3	1	2
231	49	20	23	2	1	2
232	2	22	23	2	2	1
233	653	26	27	3	3	1
234	765	26	27	3	1	1
235	226	14	17	3	1	2
236	536	18	20	3	2	1
237	634	22	23	2	3	1
238	637	14	15	1	4	2
239	71	1	2	1	4	2
240	641	23	26	1	3	1
241	438	5	6	1	3	2
242	261	11	14	2	2	3
243	722	22	24	3	2	1
244	219	15	17	3	2	2
245	288	6	8	2	2	1
246	752	19	21	2	2	2
247	791	9	12	1	5	1
248	751	18	20	2	2	1
249	334	24	26	2	2	2
250	381	4	5	3	3	1
251	840	23	25	1	4	3
252	744	9	11	2	3	1
253	340	12	15	2	4	2
254	54	26	27	3	2	1
255	596	7	8	3	3	3
256	814	20	21	1	1	1
257	893	20	23	1	2	1
258	263	10	13	3	4	3
259	45	2	3	2	3	1
260	568	14	17	1	5	2
261	881	7	9	2	3	2
262	496	18	19	3	2	3
263	143	5	8	2	3	3
264	925	19	21	2	5	2
265	902	25	28	1	3	3
266	262	3	4	3	2	2
267	715	3	4	1	5	2
268	872	15	18	3	3	1
269	18	26	29	1	3	2
270	442	15	17	1	2	1
271	176	15	18	3	3	2
272	932	25	27	2	4	2
273	924	21	24	1	2	2
274	382	20	23	2	3	2
275	576	10	11	3	4	2
276	779	24	25	2	1	1
277	79	2	5	1	2	2
278	566	14	16	2	2	2
279	936	20	22	2	4	2
280	855	11	12	3	5	2
281	542	1	2	2	5	2
282	192	13	16	3	2	3
283	677	20	22	2	3	3
284	675	4	6	3	2	2
285	658	19	21	2	1	1
286	908	17	19	3	4	3
287	362	12	14	1	3	1
288	703	11	12	3	1	1
289	620	19	21	3	4	2
290	466	5	8	2	2	1
291	135	10	11	1	5	3
292	728	22	25	3	4	1
293	501	4	7	1	1	2
294	233	15	17	3	3	3
295	934	17	19	3	2	2
296	727	24	27	1	5	2
297	400	14	15	3	1	2
298	750	5	8	2	3	1
299	246	17	19	1	4	2
300	396	23	24	2	1	1
301	441	12	14	1	5	3
302	730	9	12	3	1	1
303	200	18	19	2	2	1
304	514	26	28	1	1	1
305	629	13	14	2	3	1
306	120	21	22	3	4	1
307	690	21	23	3	5	3
308	65	4	7	1	4	1
309	736	1	4	2	4	3
310	341	9	10	3	1	1
311	740	13	15	3	1	2
312	863	15	18	3	1	2
313	698	11	14	2	1	2
314	314	4	7	3	2	1
315	462	15	16	1	4	1
316	735	15	17	1	3	3
317	488	1	3	3	1	1
318	257	12	14	3	5	3
319	554	21	23	2	3	2
320	144	16	17	2	1	1
321	812	16	17	3	3	2
322	64	15	18	2	3	1
323	873	21	23	3	5	1
324	376	3	6	3	4	2
325	20	23	26	1	2	2
326	181	2	4	1	5	1
327	699	1	4	2	2	1
328	632	2	3	3	1	2
329	333	16	19	1	3	1
330	805	24	27	3	5	2
331	224	5	8	3	1	1
332	419	4	7	3	1	1
333	390	23	26	2	2	2
334	670	12	14	3	4	3
335	84	20	21	1	4	2
336	41	15	16	1	1	1
337	300	16	17	3	2	3
338	798	24	25	1	2	1
339	265	17	20	1	3	3
340	539	12	15	2	5	3
341	587	23	26	2	5	2
342	47	1	4	2	4	1
343	38	16	19	3	5	3
344	516	26	28	1	5	1
345	184	11	12	3	3	2
346	306	22	25	1	4	3
347	763	24	25	2	3	3
348	245	16	19	3	4	2
349	10	19	22	2	1	2
350	647	11	12	3	2	1
351	547	13	15	3	2	3
352	272	17	18	2	4	1
353	308	15	18	2	4	3
354	600	2	5	3	5	3
355	526	8	10	2	3	1
356	655	23	24	1	4	2
357	411	13	14	1	1	1
358	275	13	15	3	5	1
359	359	27	28	1	3	2
360	532	19	21	2	3	2
361	249	18	19	2	4	3
362	638	16	18	3	1	1
363	133	19	22	3	4	1
364	723	3	4	3	3	2
365	248	8	9	1	3	1
366	231	27	28	2	1	1
367	878	9	11	1	2	3
368	463	16	17	3	1	1
369	310	21	22	1	1	1
370	663	4	5	1	4	1
371	665	2	4	3	5	1
372	785	17	20	3	2	1
373	826	6	9	2	1	1
374	374	11	13	3	4	3
375	644	2	3	1	4	2
376	157	11	13	1	2	2
377	418	10	13	1	3	2
378	470	14	16	2	5	2
379	674	12	13	2	5	3
380	3	7	8	1	5	2
381	571	7	10	3	5	2
382	55	3	4	2	4	3
383	534	14	15	2	3	1
384	121	12	15	3	3	1
385	636	7	8	2	2	2
386	887	24	26	1	4	1
387	216	21	24	3	3	1
388	661	12	15	2	1	2
389	78	21	24	3	2	1
390	680	5	6	3	3	1
391	882	25	27	3	1	2
392	549	23	25	2	2	1
393	878	16	18	2	2	3
394	10	12	14	2	1	1
395	475	7	10	1	3	3
396	414	22	25	3	5	1
397	405	24	25	3	3	2
398	217	24	25	1	3	3
399	650	10	12	2	1	2
400	299	3	4	1	4	3
401	344	20	21	3	3	3
402	304	2	5	2	4	1
403	479	17	20	2	4	3
404	544	12	14	1	4	1
405	77	23	26	2	2	1
406	336	21	24	3	5	2
407	185	9	11	3	4	1
408	189	4	7	2	2	3
409	136	21	22	3	4	3
410	742	20	21	2	2	3
411	331	4	6	1	1	2
412	834	21	23	3	2	2
413	795	1	4	1	1	1
414	839	14	15	1	3	1
415	230	16	18	3	1	1
416	274	6	8	1	2	3
417	506	13	16	2	4	1
418	640	22	24	1	2	2
419	575	3	4	1	5	1
420	118	25	27	1	1	1
421	903	13	16	3	2	1
422	412	1	3	1	5	1
423	453	5	8	1	2	2
424	152	20	23	1	3	2
425	497	14	17	2	5	3
426	130	8	10	2	5	3
427	360	3	5	1	4	2
428	564	20	22	2	4	1
429	613	9	12	2	4	1
430	493	3	4	2	2	2
431	420	11	13	3	3	1
432	548	19	21	2	2	1
433	237	1	3	1	3	2
434	26	3	5	1	2	3
435	391	2	5	3	2	1
436	330	17	18	2	5	2
437	570	4	7	1	5	2
438	918	14	17	1	4	3
439	557	18	20	3	4	3
440	213	8	10	3	3	3
441	725	14	17	2	3	1
442	917	21	24	2	3	1
443	432	11	14	3	5	1
444	582	26	27	3	2	3
445	845	9	11	2	1	1
446	44	21	24	2	3	2
447	154	5	6	2	1	1
448	719	3	5	1	5	2
449	132	1	2	1	4	2
450	748	8	10	3	5	3
451	843	16	17	3	5	1
452	890	24	26	1	3	1
453	721	15	18	3	3	3
454	474	27	29	1	3	2
455	638	1	4	3	5	1
456	495	4	7	1	2	1
457	292	16	18	2	1	2
458	724	25	26	3	4	2
459	290	8	9	2	3	2
460	633	24	27	2	1	2
461	460	22	24	2	3	1
462	863	10	12	1	1	1
463	901	13	14	1	2	3
464	187	13	16	1	5	3
465	171	1	2	2	4	2
466	446	4	6	2	1	1
467	705	1	4	1	4	1
468	139	13	14	1	5	1
469	236	16	18	1	2	3
470	827	16	17	1	1	2
471	601	15	18	1	4	3
472	846	26	29	1	1	1
473	115	23	24	1	4	2
474	348	6	8	3	3	1
475	848	22	23	2	4	1
476	545	23	24	3	2	2
477	448	3	4	1	3	1
478	34	2	4	2	3	2
479	427	21	24	2	1	1
480	194	9	10	1	3	3
481	745	12	14	1	3	1
482	594	25	28	2	3	2
483	830	20	22	2	1	1
484	234	6	7	1	4	2
485	156	2	4	2	3	1
486	935	4	6	3	4	3
487	5	13	15	3	3	2
488	666	12	14	2	5	1
489	35	7	8	3	3	2
490	821	15	17	3	5	2
491	654	18	21	2	2	1
492	83	11	14	1	3	3
493	170	19	20	2	4	3
494	258	22	25	2	4	3
495	552	18	20	1	1	1
496	578	26	29	1	1	1
497	907	1	4	1	1	1
498	379	12	15	2	2	1
499	227	1	3	1	3	2
500	421	10	11	2	5	1
501	146	22	24	3	1	2
502	844	23	26	1	3	1
503	867	23	25	2	4	3
504	509	12	15	2	3	1
505	352	20	23	2	2	2
506	524	11	12	3	1	1
507	767	9	11	3	4	1
508	118	8	10	1	4	3
509	148	24	26	2	1	1
510	757	22	24	1	3	2
511	153	26	27	3	4	1
512	461	4	5	3	1	1
513	865	9	11	2	4	3
514	440	17	18	3	1	2
515	522	8	9	3	2	3
516	465	14	15	2	4	2
517	733	23	26	1	5	2
518	503	14	17	1	2	1
519	631	7	8	1	1	2
520	444	14	16	2	3	1
521	825	6	8	1	3	1
522	471	19	20	3	4	3
523	109	16	19	3	3	1
524	48	21	23	2	5	3
525	122	12	14	1	5	3
526	366	23	24	2	1	2
527	74	1	4	2	1	1
528	556	3	4	2	2	1
529	430	1	3	3	3	2
530	645	6	8	3	3	3
531	766	26	28	1	5	1
532	696	13	15	2	4	2
533	604	15	16	2	3	1
534	561	21	23	2	4	2
535	353	24	26	3	1	2
536	784	16	19	1	5	1
537	281	8	10	3	3	3
538	702	13	16	3	4	1
539	251	10	13	3	2	1
540	113	12	13	3	1	2
541	311	11	12	3	2	3
542	296	12	14	1	5	3
543	320	10	11	3	2	1
544	119	23	26	3	3	3
545	447	20	23	2	3	3
546	208	19	22	2	2	3
547	518	6	8	3	4	2
548	628	13	15	3	2	1
549	33	18	20	1	3	3
550	223	20	23	1	5	3
551	242	3	5	1	1	2
552	512	7	9	3	2	2
553	531	4	7	2	2	2
554	415	1	3	1	4	2
555	457	5	7	2	3	3
556	151	24	26	1	4	3
557	107	12	15	3	5	1
558	513	24	27	3	4	1
559	502	18	20	1	3	1
560	706	26	27	2	2	3
561	94	25	27	3	3	1
562	287	15	18	3	3	3
563	317	5	8	2	1	1
564	345	21	24	2	3	2
565	718	14	16	2	5	3
566	73	6	9	3	3	1
567	500	7	9	1	4	2
568	939	21	24	1	3	1
569	815	15	16	1	2	2
570	370	14	17	1	4	1
571	398	19	22	2	4	2
572	410	2	3	1	3	2
573	241	10	12	3	5	2
574	259	18	20	2	1	1
575	603	7	10	1	5	2
576	211	13	14	2	4	3
577	436	5	6	3	4	3
578	380	14	15	1	4	3
579	112	18	19	2	3	3
580	726	24	25	2	1	1
581	598	21	22	3	4	2
582	467	8	11	1	2	2
583	853	1	4	3	4	2
584	377	13	15	2	1	2
585	222	13	15	3	5	3
586	250	18	19	1	2	2
587	332	19	21	2	1	2
588	304	12	14	3	2	2
589	824	3	5	1	4	1
590	303	1	2	3	2	3
591	431	21	24	3	4	3
592	681	22	23	1	4	1
593	445	3	4	2	3	1
594	66	18	19	2	5	2
595	799	16	19	2	3	3
596	879	14	15	1	3	3
597	612	6	8	3	3	2
598	929	6	9	3	5	1
599	104	25	26	1	1	1
600	620	24	25	1	2	2
601	633	12	14	2	4	1
602	315	3	4	2	3	2
603	698	14	15	2	2	2
604	849	17	19	2	2	3
605	179	16	17	3	3	1
606	455	13	14	3	4	1
607	182	8	11	1	4	3
608	621	10	13	1	4	2
609	810	17	19	2	2	2
610	91	10	13	3	1	2
611	931	6	9	3	1	1
612	858	14	17	2	3	3
613	142	14	16	3	4	3
614	343	21	23	1	4	3
615	57	18	21	2	3	3
616	836	11	14	3	4	1
617	346	8	9	2	3	2
618	800	23	26	1	5	2
619	896	27	29	1	4	1
620	644	16	17	3	1	1
621	919	12	14	2	2	3
622	387	23	25	1	4	2
623	69	25	26	2	2	2
624	617	4	6	1	3	2
625	635	24	27	1	4	2
626	218	21	24	2	4	3
627	87	5	8	2	3	2
628	269	6	8	2	1	2
629	626	1	3	2	4	2
630	494	10	13	3	4	1
631	788	4	6	3	4	3
632	450	14	15	1	3	2
633	515	4	7	1	1	1
634	321	6	9	3	1	2
635	889	12	14	1	3	1
636	289	6	9	3	1	2
637	273	9	11	2	4	1
638	240	20	23	1	2	2
639	498	13	14	2	4	2
640	911	23	25	2	5	1
641	607	12	13	3	4	3
642	435	23	26	3	4	3
643	663	1	3	3	5	1
644	885	26	29	1	1	1
645	285	20	21	2	1	2
646	215	5	7	1	5	2
647	207	20	22	2	5	2
648	478	23	26	1	5	1
649	183	12	13	1	2	2
650	508	18	19	3	5	2
651	291	16	18	1	5	2
652	342	19	21	1	3	2
653	633	8	11	1	1	1
654	70	12	15	3	5	1
655	630	23	24	3	3	3
656	669	23	26	3	1	2
657	167	20	23	2	1	1
658	247	14	15	1	1	2
659	689	7	9	1	4	2
660	746	11	14	2	2	1
661	197	24	26	3	2	2
662	529	3	4	3	2	2
663	914	22	25	3	3	1
664	82	26	28	2	4	2
665	100	7	8	1	2	1
666	288	1	4	2	1	1
667	385	15	16	1	1	1
668	363	24	27	1	4	3
669	175	17	20	1	2	2
670	369	16	19	1	4	2
671	540	24	26	1	3	3
672	589	13	14	1	4	1
673	684	25	26	1	1	1
674	42	19	21	1	3	1
675	81	7	9	3	3	2
676	801	14	16	3	1	2
677	928	17	18	2	3	3
678	89	20	22	1	4	2
679	897	22	24	2	2	3
680	155	3	5	3	3	1
681	694	6	9	2	1	2
682	232	17	18	2	2	2
683	649	18	20	2	5	2
684	12	8	11	2	3	1
685	933	20	22	3	4	1
686	196	25	27	3	4	3
687	401	26	27	2	2	3
688	895	23	25	2	4	3
689	62	13	15	2	2	2
690	367	6	7	2	5	2
691	673	18	19	3	1	1
692	760	9	12	2	1	1
693	579	9	10	3	5	3
694	280	19	22	2	3	2
695	926	20	21	2	1	1
696	856	10	11	3	2	1
697	535	22	23	1	2	3
698	510	16	18	3	1	2
699	809	16	19	2	2	1
700	697	18	19	2	4	3
701	301	5	7	3	5	1
702	511	17	20	2	4	3
703	537	20	21	2	5	1
704	96	6	7	3	5	1
705	364	25	26	3	1	1
706	173	6	8	2	1	2
707	327	24	26	3	4	3
708	17	4	6	3	5	2
709	717	17	18	2	3	3
710	8	14	15	1	5	2
711	610	22	23	2	3	1
712	166	3	6	2	5	3
713	7	7	10	3	4	2
714	749	5	8	1	5	3
715	565	20	22	1	3	3
716	279	25	26	1	2	2
717	616	7	10	2	4	1
718	704	24	25	2	3	2
719	778	13	14	1	5	1
720	24	27	28	1	5	1
721	137	20	22	3	4	3
722	201	18	21	1	4	3
723	228	22	23	2	2	1
724	28	7	9	3	3	3
725	623	14	15	1	5	2
726	712	6	8	1	3	1
727	734	6	8	2	4	2
728	780	14	15	3	4	3
729	508	10	11	3	5	1
730	789	4	6	1	1	2
731	58	24	27	3	1	1
732	11	6	9	1	4	2
733	271	27	28	2	2	1
734	221	6	7	1	4	2
735	700	10	13	3	2	1
736	796	14	15	3	3	2
737	550	11	12	1	3	1
738	202	22	25	2	2	1
739	828	24	25	1	4	1
740	687	11	14	3	2	1
741	773	24	27	3	4	2
742	837	19	21	3	5	1
743	886	24	26	2	5	3
744	660	27	28	2	3	3
745	195	10	12	3	4	3
746	720	15	17	1	3	1
747	927	10	12	1	4	3
748	348	7	9	1	1	1
749	336	15	16	3	2	3
750	138	19	21	2	3	3
751	691	9	11	2	2	3
752	940	22	25	1	2	1
753	580	14	15	3	4	3
754	164	4	5	2	3	1
755	487	25	26	3	2	1
756	593	21	22	3	2	2
757	386	24	25	2	3	2
758	97	20	21	2	1	2
759	282	6	8	2	3	1
760	876	15	18	1	4	3
761	326	25	26	2	5	1
762	930	3	5	3	4	2
763	188	23	26	3	2	3
764	759	22	24	3	1	2
765	338	13	16	1	1	2
766	540	2	4	3	5	3
767	743	21	23	2	1	2
768	477	3	5	3	3	3
769	162	19	22	2	1	1
770	225	8	9	1	3	1
771	574	21	24	2	4	1
772	787	24	27	3	1	2
773	422	21	22	2	3	3
774	803	19	22	3	3	3
775	909	15	17	1	2	2
776	252	22	24	3	4	1
777	774	22	24	2	4	2
778	741	25	27	2	1	1
779	451	11	14	2	1	1
780	820	4	7	3	3	1
781	403	15	17	3	2	1
782	781	14	16	2	4	1
783	404	24	27	2	2	3
784	668	24	26	1	3	1
785	375	19	22	2	1	1
786	286	27	29	1	4	2
787	822	11	13	1	4	2
788	105	6	8	1	3	3
789	368	12	15	2	5	2
790	525	3	5	1	4	1
791	838	3	4	3	2	1
792	92	1	2	1	3	3
793	546	6	7	3	3	1
794	755	7	9	2	3	3
795	685	13	14	3	4	1
796	813	6	9	2	2	3
797	268	19	20	2	3	1
798	218	2	5	2	4	1
799	739	15	16	3	2	1
800	158	21	22	3	4	2
801	15	11	14	2	3	1
802	295	8	9	1	3	3
803	671	19	20	2	4	3
804	426	22	24	2	1	1
805	713	25	26	2	1	1
806	469	15	17	2	1	1
807	378	18	21	3	3	2
808	43	9	10	1	3	1
809	61	12	13	3	3	3
810	76	6	8	2	4	2
811	417	3	6	2	2	2
812	920	1	4	1	1	1
813	266	12	14	2	3	3
814	233	4	7	2	3	3
815	710	17	19	3	1	2
816	900	11	14	3	2	1
817	452	17	20	1	1	2
818	329	3	4	1	4	3
819	752	24	26	2	3	3
820	614	27	28	1	1	2
821	818	9	10	3	4	1
822	747	13	16	3	5	3
823	499	27	28	1	4	1
824	98	11	12	3	4	1
825	355	12	14	2	5	1
826	397	8	11	2	4	3
827	910	12	14	2	2	1
828	646	10	12	3	4	1
829	618	11	13	1	2	1
830	859	7	9	2	2	2
831	256	24	25	1	5	2
832	520	21	22	1	1	1
833	521	19	22	3	4	1
834	90	21	22	3	2	3
835	639	12	13	2	4	1
836	777	25	27	1	2	2
837	172	7	10	1	2	3
838	443	17	19	1	4	3
839	212	28	29	1	1	1
840	174	3	4	3	5	3
841	37	10	12	2	1	1
842	523	21	23	3	1	2
843	68	26	27	1	1	2
844	737	22	24	3	5	1
845	762	24	26	3	4	2
846	239	19	21	1	3	1
847	203	13	14	1	4	1
848	695	22	25	1	5	2
849	101	19	21	1	3	3
850	129	19	21	2	2	1
851	325	15	17	1	3	1
852	408	5	6	1	2	2
853	124	2	3	3	4	2
854	619	20	21	1	1	2
855	72	25	27	3	3	2
856	898	2	4	2	1	1
857	277	12	15	1	5	2
858	481	10	11	2	1	1
859	372	4	7	3	1	1
860	489	9	12	2	1	2
861	458	12	15	3	3	1
862	642	21	22	3	5	1
863	657	11	14	2	4	2
864	157	11	13	3	4	1
865	56	1	3	2	3	2
866	160	5	6	3	1	2
867	131	8	10	2	2	2
868	395	13	14	3	3	2
869	75	17	19	3	3	1
870	662	9	10	2	3	1
871	294	17	18	3	2	1
872	178	18	21	2	2	1
873	63	16	18	3	1	1
874	562	9	10	1	2	3
875	198	17	18	3	5	3
876	689	18	21	1	4	1
877	806	26	27	2	1	1
878	651	4	6	3	1	2
879	833	5	8	1	5	3
880	434	19	20	3	3	2
881	86	13	16	1	5	2
882	808	25	26	3	5	3
883	347	18	20	1	2	3
884	165	5	7	2	4	2
885	480	18	19	3	2	1
886	288	24	26	2	3	2
887	656	15	18	1	5	1
888	531	25	26	3	2	3
889	427	6	7	1	5	2
890	842	12	15	1	1	1
891	807	23	26	1	4	3
892	783	17	19	1	5	1
893	428	8	11	3	1	1
894	126	3	6	2	1	2
895	147	25	28	1	1	2
896	383	6	9	1	5	2
897	125	16	19	3	1	2
898	437	6	8	3	1	2
899	938	3	4	1	5	1
900	193	5	6	2	1	2
901	761	24	27	3	2	3
902	624	13	16	1	2	1
903	817	19	22	1	1	1
904	373	19	22	2	1	2
905	922	5	6	1	2	1
906	60	24	26	2	5	3
907	14	24	25	1	2	3
908	782	12	14	2	4	2
909	354	22	23	3	3	3
910	683	6	7	3	1	2
911	186	16	17	3	4	2
912	205	21	24	1	2	2
913	191	20	22	2	4	1
914	13	22	25	2	5	3
915	52	20	23	3	5	1
916	140	7	9	1	1	2
917	371	9	12	3	5	3
918	797	13	15	3	4	2
919	533	15	18	2	1	1
920	581	18	20	2	4	1
921	297	4	6	3	2	1
922	832	13	15	2	1	1
923	482	23	24	3	5	2
924	238	21	24	3	2	3
925	862	24	27	3	1	2
926	254	17	18	2	4	1
927	339	12	14	3	4	2
928	128	6	8	1	1	1
929	701	16	18	2	1	1
930	558	3	6	2	3	2
931	106	22	25	3	1	1
932	602	11	12	3	5	3
933	891	3	4	3	3	2
934	103	8	11	3	5	3
935	273	20	22	2	3	1
936	425	9	11	2	3	3
937	350	6	8	3	2	3
938	313	11	13	2	3	2
939	6	9	10	3	4	3
940	886	5	7	1	4	3
941	53	18	20	2	5	2
942	709	13	15	2	1	2
943	284	6	7	2	1	1
944	714	3	5	2	5	2
945	253	7	10	2	2	1
946	695	16	18	3	1	1
947	553	13	16	2	2	1
948	402	11	14	2	2	3
949	348	11	14	1	1	2
950	9	27	29	1	5	2
951	190	3	4	1	1	1
952	413	1	4	1	3	1
953	590	3	6	3	1	1
954	283	21	22	2	3	3
955	584	24	25	3	3	2
956	302	3	4	2	3	1
957	776	11	13	2	1	2
958	25	11	14	3	1	1
959	823	12	15	1	5	1
960	852	22	23	2	4	2
961	279	6	9	2	3	3
962	394	13	14	1	5	3
963	204	8	9	2	4	3
964	708	24	27	1	3	1
965	389	17	18	2	1	1
966	875	3	4	3	3	3
967	351	9	10	2	4	3
968	29	15	18	2	5	1
969	819	3	4	1	5	2
970	551	16	17	2	4	2
971	541	25	28	1	4	3
972	643	6	8	2	2	1
973	567	25	27	1	2	3
974	771	17	20	1	4	1
975	433	12	13	2	2	2
976	335	16	17	2	1	2
977	793	21	23	3	1	2
978	729	14	16	1	3	2
979	102	15	18	2	3	3
980	913	25	26	1	5	3
981	560	18	21	3	2	2
982	527	16	19	2	3	3
983	585	4	7	1	1	1
984	127	19	22	1	1	2
985	870	6	7	1	2	1
986	611	25	28	2	5	3
987	772	13	15	3	4	2
988	811	3	4	3	3	3
989	829	23	26	3	4	1
990	280	24	25	2	5	1
991	517	11	14	3	3	1
992	464	20	22	2	1	1
993	392	12	13	1	3	1
994	905	5	8	3	3	2
995	117	23	26	3	5	1
996	794	25	27	1	4	2
997	625	20	22	3	5	2
998	316	12	14	2	4	2
999	492	18	21	2	5	2
1000	754	16	17	3	3	1

